product_id,product_name,category,sub_category,base_price,price,competitor_price,demand,rating,reviews,stock,season,discount,day_of_week
PROD_0001,Nikon D3500,Camera,Budget,32443,36279,31437,368,2.7,1574,387,Festive,10.2,Monday
PROD_0009,Sony Alpha ZV-E10,Camera,Mid,107159,115721,106729,382,4.1,1587,375,Normal,2,Sunday
PROD_0011,Sony Alpha ZV-E10,Camera,Mid,107159,114512,118501,295,3.6,897,470,Normal,10.3,Thursday
PROD_0020,Canon EOS M50 II,Camera,Mid,102117,109175,94682,429,4.5,1267,461,Festive,4.6,Saturday
PROD_0029,Nikon D3500,Camera,Budget,32443,36336,32846,426,3.6,2134,308,Festive,10,Sunday
PROD_0030,Nikon D3500,Camera,Budget,32443,35051,31741,374,3.4,1520,353,Normal,0,Tuesday
PROD_0031,Canon EOS M50 II,Camera,Mid,102117,114371,104479,423,3.7,1407,410,Festive,7.6,Thursday
PROD_0036,Nikon D3500,Camera,Budget,32443,35426,32759,425,3.9,2288,198,Normal,5.5,Monday
PROD_0037,Sony Alpha ZV-E10,Camera,Mid,107159,114370,116727,284,3.6,1027,480,Normal,0,Saturday
PROD_0043,Sony Alpha A7 IV,Camera,Premium,175511,196392,174499,445,3.5,442,488,Festive,13,Monday
PROD_0050,Sony Alpha ZV-E10,Camera,Mid,107159,119000,107790,374,3.5,1126,551,Festive,15.6,Wednesday
PROD_0060,Canon EOS M50 II,Camera,Mid,102117,110488,112316,353,4.1,1798,290,Normal,3.2,Thursday
PROD_0063,Sony Alpha ZV-E10,Camera,Mid,107159,114901,108526,352,4,1210,483,Normal,0,Thursday
PROD_0065,Sony Alpha ZV-E10,Camera,Mid,107159,111024,99016,327,3.7,1353,169,Normal,4.3,Friday
PROD_0070,Nikon D3500,Camera,Budget,32443,36336,35212,453,3.4,2772,416,Festive,11.8,Saturday
PROD_0076,Nikon D3500,Camera,Budget,32443,34847,35367,370,3.3,2002,473,Normal,0.6,Tuesday
PROD_0081,Sony Alpha ZV-E10,Camera,Mid,107159,114842,118829,276,3.3,898,380,Normal,1.6,Wednesday
PROD_0086,Nikon D3500,Camera,Budget,32443,35868,30875,445,3.8,2345,756,Festive,10.4,Saturday
PROD_0087,Sony Alpha A7 IV,Camera,Premium,175511,182777,158245,428,4.3,532,214,Normal,2.9,Saturday
PROD_0094,Canon EOS M50 II,Camera,Mid,102117,110447,97522,339,3.6,1104,277,Normal,2.9,Tuesday
PROD_0097,Sony Alpha A7 IV,Camera,Premium,175511,187160,158455,407,3.8,343,483,Festive,15.1,Monday
PROD_0103,Nikon D3500,Camera,Budget,32443,36095,31079,395,3.1,1823,541,Festive,14,Saturday
PROD_0104,Canon EOS 1500D,Camera,Budget,45357,48747,47738,272,3.1,2077,313,Normal,0,Monday
PROD_0105,Sony Alpha A7 IV,Camera,Premium,175511,188630,174934,328,4,50,397,Normal,2.1,Friday
PROD_0107,Canon EOS M50 II,Camera,Mid,102117,109089,102347,397,4.1,1243,630,Normal,1.9,Saturday
PROD_0125,Canon EOS M50 II,Camera,Mid,102117,104179,91569,326,4.2,924,485,Normal,3.7,Sunday
PROD_0126,Sony Alpha A7 IV,Camera,Premium,175511,193430,190275,434,4.3,1175,9,Normal,0,Tuesday
PROD_0131,Sony Alpha A7 IV,Camera,Premium,175511,196572,179679,466,4.3,50,338,Festive,16.9,Friday
PROD_0148,Sony Alpha A7 IV,Camera,Premium,175511,187480,188249,414,4.2,764,657,Normal,4.9,Saturday
PROD_0151,Canon EOS 1500D,Camera,Budget,45357,48970,47995,303,3,2075,261,Normal,0,Wednesday
PROD_0152,Sony Alpha A7 IV,Camera,Premium,175511,187287,163021,440,4.1,458,518,Festive,8.8,Tuesday
PROD_0154,Sony Alpha A7 IV,Camera,Premium,175511,189117,194428,327,3.6,483,340,Normal,0,Tuesday
PROD_0163,Nikon D3500,Camera,Budget,32443,34820,32771,323,3.3,1928,419,Normal,5.9,Sunday
PROD_0167,Sony Alpha A7 IV,Camera,Premium,175511,181465,160293,383,3.8,1122,296,Normal,1.5,Saturday
PROD_0175,Canon EOS 1500D,Camera,Budget,45357,46987,40219,346,3.7,2517,200,Normal,2.5,Monday
PROD_0177,Canon EOS 1500D,Camera,Budget,45357,48403,44149,353,3.1,2757,586,Normal,1.1,Wednesday
PROD_0189,Sony Alpha ZV-E10,Camera,Mid,107159,115035,103398,346,4.8,680,449,Normal,3.2,Tuesday
PROD_0198,Sony Alpha ZV-E10,Camera,Mid,107159,115704,116625,292,4,692,243,Normal,0.5,Friday
PROD_0205,Canon EOS 1500D,Camera,Budget,45357,46452,40743,352,3.6,2326,445,Normal,0,Tuesday
PROD_0207,Canon EOS M50 II,Camera,Mid,102117,113998,99398,430,3.8,1451,518,Festive,10.1,Monday
PROD_0209,Nikon D3500,Camera,Budget,32443,33529,30138,376,3.3,1921,294,Normal,3.5,Sunday
PROD_0211,Sony Alpha A7 IV,Camera,Premium,175511,187064,183354,317,3.5,50,559,Normal,0.4,Tuesday
PROD_0222,Canon EOS 1500D,Camera,Budget,45357,50000,44928,351,3.4,1862,496,Festive,10.5,Friday
PROD_0239,Nikon D3500,Camera,Budget,32443,33607,28752,390,3.4,2114,267,Normal,1.3,Thursday
PROD_0250,Canon EOS 1500D,Camera,Budget,45357,46620,40442,300,3.3,1506,293,Normal,6.3,Tuesday
PROD_0251,Sony Alpha ZV-E10,Camera,Mid,107159,116749,119347,260,3.7,663,0,Normal,3.4,Saturday
PROD_0255,Sony Alpha A7 IV,Camera,Premium,175511,196572,180859,469,4.9,50,209,Festive,13.1,Monday
PROD_0260,Canon EOS 1500D,Camera,Budget,45357,46579,40546,352,3.8,2234,389,Normal,2.7,Sunday
PROD_0261,Sony Alpha A7 IV,Camera,Premium,175511,189845,185178,433,5,196,416,Normal,2.6,Tuesday
PROD_0265,Nikon D3500,Camera,Budget,32443,34674,29359,437,3.5,2178,480,Festive,14.8,Wednesday
PROD_0268,Canon EOS M50 II,Camera,Mid,102117,109068,112046,279,3.7,687,457,Normal,1,Thursday
PROD_0279,Canon EOS 1500D,Camera,Budget,45357,50000,45631,411,3.5,2774,508,Festive,10.7,Sunday
PROD_0303,Canon EOS M50 II,Camera,Mid,102117,108588,105936,269,3.2,1189,536,Normal,0,Tuesday
PROD_0304,Sony Alpha A7 IV,Camera,Premium,175511,196572,166745,516,4.7,974,504,Festive,9.9,Thursday
PROD_0313,Canon EOS 1500D,Camera,Budget,45357,50000,45169,376,3.3,1959,236,Festive,7.8,Wednesday
PROD_0318,Canon EOS M50 II,Camera,Mid,102117,111611,107241,363,3.2,1206,885,Festive,10.7,Monday
PROD_0334,Sony Alpha A7 IV,Camera,Premium,175511,189529,180008,383,4.1,1237,377,Normal,0,Saturday
PROD_0350,Nikon D3500,Camera,Budget,32443,36336,33638,481,3.6,3028,294,Festive,15.7,Monday
PROD_0354,Sony Alpha A7 IV,Camera,Premium,175511,188941,165278,511,4.6,1194,436,Festive,3.9,Friday
PROD_0358,Canon EOS M50 II,Camera,Mid,102117,109311,113016,322,3.5,1150,474,Normal,0,Wednesday
PROD_0381,Canon EOS 1500D,Camera,Budget,45357,49769,44270,309,2.9,1622,718,Festive,11.4,Sunday
PROD_0390,Canon EOS M50 II,Camera,Mid,102117,105310,89912,335,3.7,772,277,Normal,0,Tuesday
PROD_0396,Nikon D3500,Camera,Budget,32443,34765,28817,458,3.3,1739,455,Festive,14,Wednesday
PROD_0413,Canon EOS M50 II,Camera,Mid,102117,113635,97175,336,3,485,448,Festive,10.9,Saturday
PROD_0414,Sony Alpha A7 IV,Camera,Premium,175511,190262,188827,402,3.9,620,322,Normal,0.4,Thursday
PROD_0419,Sony Alpha ZV-E10,Camera,Mid,107159,116902,113049,279,3.5,837,0,Normal,5.7,Wednesday
PROD_0426,Canon EOS M50 II,Camera,Mid,102117,109206,104462,299,3.8,1021,460,Normal,0,Sunday
PROD_0443,Sony Alpha A7 IV,Camera,Premium,175511,179710,158930,391,3.9,1420,508,Normal,5.6,Tuesday
PROD_0450,Nikon D3500,Camera,Budget,32443,34526,33315,307,2.8,2037,576,Normal,6.3,Thursday
PROD_0460,Nikon D3500,Camera,Budget,32443,36336,31065,457,3.6,2502,418,Festive,8.9,Sunday
PROD_0466,Sony Alpha A7 IV,Camera,Premium,175511,196572,184087,513,4.7,774,533,Festive,7.5,Monday
PROD_0468,Sony Alpha ZV-E10,Camera,Mid,107159,120018,118078,468,4.2,1248,228,Festive,12.1,Sunday
PROD_0469,Sony Alpha A7 IV,Camera,Premium,175511,184176,156337,403,4.2,319,17,Normal,3.6,Thursday
PROD_0477,Canon EOS 1500D,Camera,Budget,45357,46116,40775,244,3,2235,431,Normal,4.7,Tuesday
PROD_0480,Nikon D3500,Camera,Budget,32443,34711,28869,431,3.7,2572,448,Festive,8.6,Tuesday
PROD_0483,Sony Alpha ZV-E10,Camera,Mid,107159,114293,119983,331,4.2,2170,565,Normal,3.5,Tuesday
PROD_0488,Canon EOS 1500D,Camera,Budget,45357,50000,43390,383,3.3,1948,457,Festive,5.9,Thursday
PROD_0502,Sony Alpha ZV-E10,Camera,Mid,107159,109754,96306,321,3.9,146,397,Normal,3,Monday
PROD_0506,Canon EOS M50 II,Camera,Mid,102117,109423,92232,392,4.2,1250,357,Festive,16.3,Friday
PROD_0518,Sony Alpha ZV-E10,Camera,Mid,107159,108991,101757,334,3.9,1360,559,Normal,0,Saturday
PROD_0522,Canon EOS M50 II,Camera,Mid,102117,109688,106693,342,3.8,1323,430,Normal,6.1,Monday
PROD_0533,Sony Alpha ZV-E10,Camera,Mid,107159,116645,115992,333,3.8,1361,129,Normal,4.4,Wednesday
PROD_0537,Nikon D3500,Camera,Budget,32443,36336,34179,466,3.7,2301,302,Festive,8.2,Sunday
PROD_0539,Sony Alpha A7 IV,Camera,Premium,175511,187945,165558,464,4.1,682,479,Festive,6.5,Wednesday
PROD_0546,Canon EOS 1500D,Camera,Budget,45357,49952,43157,369,3.4,2536,727,Festive,7.2,Friday
PROD_0548,Canon EOS 1500D,Camera,Budget,45357,48868,44720,283,3.5,1679,276,Normal,1.7,Saturday
PROD_0549,Sony Alpha ZV-E10,Camera,Mid,107159,114295,105185,362,4.3,1568,611,Normal,2.1,Monday
PROD_0557,Sony Alpha A7 IV,Camera,Premium,175511,196572,185559,431,4.2,469,352,Festive,5.3,Wednesday
PROD_0560,Sony Alpha A7 IV,Camera,Premium,175511,196572,188796,481,3.8,1246,299,Festive,10.9,Monday
PROD_0579,Sony Alpha A7 IV,Camera,Premium,175511,195764,196297,484,4.4,692,618,Festive,12.4,Thursday
PROD_0585,Sony Alpha ZV-E10,Camera,Mid,107159,115654,117958,321,4.1,1426,296,Normal,0.9,Saturday
PROD_0589,Sony Alpha ZV-E10,Camera,Mid,107159,110365,99760,279,3.4,1025,220,Normal,3.3,Tuesday
PROD_0601,Sony Alpha A7 IV,Camera,Premium,175511,188832,190884,388,4.4,518,464,Normal,0,Friday
PROD_0616,Sony Alpha ZV-E10,Camera,Mid,107159,107137,95900,340,3.6,1455,914,Normal,0,Sunday
PROD_0623,Nikon D3500,Camera,Budget,32443,35343,36257,364,3.7,1920,158,Normal,2.4,Wednesday
PROD_0628,Sony Alpha A7 IV,Camera,Premium,175511,190767,185110,401,4.3,296,263,Normal,0,Tuesday
PROD_0639,Canon EOS M50 II,Camera,Mid,102117,109027,94269,415,3.9,822,469,Festive,9.4,Saturday
PROD_0645,Sony Alpha A7 IV,Camera,Premium,175511,190398,160129,503,4.3,1501,258,Festive,11.5,Saturday
PROD_0647,Canon EOS M50 II,Camera,Mid,102117,114371,99167,396,3.6,974,340,Festive,9.6,Sunday
PROD_0652,Sony Alpha ZV-E10,Camera,Mid,107159,116021,116225,306,4,215,205,Normal,3.1,Wednesday
PROD_0675,Canon EOS 1500D,Camera,Budget,45357,50000,47601,363,3.5,2203,310,Festive,17.9,Tuesday
PROD_0681,Nikon D3500,Camera,Budget,32443,36105,34448,456,3.8,1855,626,Festive,14.6,Sunday
PROD_0693,Canon EOS 1500D,Camera,Budget,45357,50000,44854,427,3.9,2894,507,Festive,11,Monday
PROD_0694,Sony Alpha ZV-E10,Camera,Mid,107159,115228,104595,328,4.1,1424,386,Normal,4.2,Sunday
PROD_0696,Canon EOS M50 II,Camera,Mid,102117,109811,99054,322,3.6,792,376,Normal,1.9,Tuesday
PROD_0707,Sony Alpha A7 IV,Camera,Premium,175511,190201,169543,390,4.4,277,311,Normal,0.1,Sunday
PROD_0708,Canon EOS M50 II,Camera,Mid,102117,109500,106494,370,3.9,1292,509,Normal,0,Friday
PROD_0715,Sony Alpha ZV-E10,Camera,Mid,107159,114191,118872,301,3.2,1326,539,Normal,0,Saturday
PROD_0717,Sony Alpha A7 IV,Camera,Premium,175511,182171,159346,418,4.5,321,268,Normal,0,Tuesday
PROD_0720,Nikon D3500,Camera,Budget,32443,36336,33032,440,3.5,1650,310,Festive,11.4,Thursday
PROD_0721,Canon EOS 1500D,Camera,Budget,45357,50000,47215,353,3.1,2060,414,Festive,13.5,Monday
PROD_0728,Canon EOS 1500D,Camera,Budget,45357,49112,46414,314,3.6,2268,215,Normal,0,Wednesday
PROD_0731,Sony Alpha ZV-E10,Camera,Mid,107159,115889,105791,363,3.9,1661,315,Normal,0,Thursday
PROD_0732,Canon EOS 1500D,Camera,Budget,45357,49151,45993,326,3.2,2270,216,Normal,6.6,Saturday
PROD_0742,Sony Alpha A7 IV,Camera,Premium,175511,188950,180804,389,4.1,1017,452,Normal,0,Sunday
PROD_0746,Canon EOS M50 II,Camera,Mid,102117,108729,95686,380,3.7,1090,475,Festive,12.7,Monday
PROD_0749,Sony Alpha ZV-E10,Camera,Mid,107159,115672,96791,350,3.7,754,136,Festive,12,Tuesday
PROD_0750,Canon EOS M50 II,Camera,Mid,102117,114031,104479,423,4.3,1685,501,Festive,16.6,Monday
PROD_0755,Sony Alpha ZV-E10,Camera,Mid,107159,115750,106526,309,3.7,1362,260,Normal,4.1,Tuesday
PROD_0760,Canon EOS M50 II,Camera,Mid,102117,114031,107390,419,3.7,1508,495,Festive,12.3,Thursday
PROD_0765,Canon EOS M50 II,Camera,Mid,102117,105902,94431,269,3.3,875,62,Normal,1.1,Friday
PROD_0768,Sony Alpha A7 IV,Camera,Premium,175511,191293,175216,419,4.5,50,230,Normal,1.6,Wednesday
PROD_0773,Nikon D3500,Camera,Budget,32443,34744,33923,348,3.5,2242,503,Normal,0,Saturday
PROD_0774,Sony Alpha A7 IV,Camera,Premium,175511,187502,191003,389,4.4,865,617,Normal,3.7,Friday
PROD_0776,Canon EOS M50 II,Camera,Mid,102117,114371,107851,418,4.2,1374,319,Festive,5.3,Saturday
PROD_0778,Sony Alpha ZV-E10,Camera,Mid,107159,115560,112098,318,3.8,1435,309,Normal,0,Wednesday
PROD_0780,Canon EOS M50 II,Camera,Mid,102117,110133,108675,358,4,1820,367,Normal,1.6,Sunday
PROD_0786,Nikon D3500,Camera,Budget,32443,36336,31627,443,3,2105,261,Festive,8.7,Monday
PROD_0793,Nikon D3500,Camera,Budget,32443,33743,28822,402,3.7,2254,201,Normal,4.1,Thursday
PROD_0805,Nikon D3500,Camera,Budget,32443,35249,34929,386,3.4,1934,249,Normal,0.4,Sunday
PROD_0818,Sony Alpha ZV-E10,Camera,Mid,107159,109074,95127,297,3.6,1362,488,Normal,7.2,Thursday
PROD_0826,Nikon D3500,Camera,Budget,32443,34857,30862,307,2.8,1603,372,Normal,4.2,Tuesday
PROD_0839,Canon EOS M50 II,Camera,Mid,102117,104358,91108,328,3.7,1168,453,Normal,2.2,Sunday
PROD_0842,Nikon D3500,Camera,Budget,32443,33347,30464,371,3.2,1869,399,Normal,3.1,Sunday
PROD_0849,Canon EOS M50 II,Camera,Mid,102117,109349,106082,363,3.9,1471,528,Normal,8.1,Thursday
PROD_0851,Sony Alpha ZV-E10,Camera,Mid,107159,113759,100621,402,3.7,1195,571,Festive,12.6,Wednesday
PROD_0853,Nikon D3500,Camera,Budget,32443,34615,30473,374,2.9,1803,422,Festive,11,Tuesday
PROD_0854,Sony Alpha A7 IV,Camera,Premium,175511,196572,195447,440,4.1,50,321,Festive,11.7,Tuesday
PROD_0857,Sony Alpha ZV-E10,Camera,Mid,107159,114636,106676,297,3.3,1014,450,Normal,0,Saturday
PROD_0867,Nikon D3500,Camera,Budget,32443,34787,35090,411,3.5,2032,571,Normal,0,Wednesday
PROD_0871,Sony Alpha A7 IV,Camera,Premium,175511,181903,164775,437,4.7,770,327,Normal,1.6,Monday
PROD_0881,Sony Alpha ZV-E10,Camera,Mid,107159,114550,119553,365,4.1,1798,568,Normal,3.1,Sunday
PROD_0895,Sony Alpha ZV-E10,Camera,Mid,107159,119206,109815,407,4.2,656,562,Festive,14,Wednesday
PROD_0900,Sony Alpha ZV-E10,Camera,Mid,107159,120018,114656,381,3.3,1032,189,Festive,7.2,Friday
PROD_0903,Canon EOS M50 II,Camera,Mid,102117,104823,92478,310,3.5,1057,335,Normal,1.5,Tuesday
PROD_0910,Nikon D3500,Camera,Budget,32443,35168,30269,408,2.9,1607,132,Festive,17.9,Saturday
PROD_0922,Sony Alpha A7 IV,Camera,Premium,175511,188946,156967,468,4.3,1361,371,Festive,11.1,Tuesday
PROD_0924,Canon EOS M50 II,Camera,Mid,102117,109686,94548,457,4.1,2036,403,Festive,8.6,Wednesday
PROD_0926,Nikon D3500,Camera,Budget,32443,36336,35631,445,3.7,2249,256,Festive,7,Monday
PROD_0928,Sony Alpha ZV-E10,Camera,Mid,107159,116629,110072,377,4.4,890,198,Normal,2,Tuesday
PROD_0934,Canon EOS M50 II,Camera,Mid,102117,114371,102258,378,3.5,1321,249,Festive,9.2,Wednesday
PROD_0957,Canon EOS 1500D,Camera,Budget,45357,49130,47100,326,3.1,1803,225,Normal,0,Wednesday
PROD_0962,Canon EOS 1500D,Camera,Budget,45357,50000,45018,312,2.7,1680,284,Festive,14,Saturday
PROD_0970,Canon EOS 1500D,Camera,Budget,45357,48707,41324,417,3.6,2707,348,Festive,8.5,Saturday
PROD_0974,Canon EOS 1500D,Camera,Budget,45357,48878,47203,288,3.3,2147,279,Normal,0,Saturday
PROD_0976,Canon EOS 1500D,Camera,Budget,45357,50000,45753,397,3.4,2090,385,Festive,13,Thursday
PROD_0981,Canon EOS M50 II,Camera,Mid,102117,104588,96987,304,3.8,850,372,Normal,0.5,Wednesday
PROD_0985,Sony Alpha ZV-E10,Camera,Mid,107159,114965,117679,314,3.6,1105,414,Normal,2.9,Sunday
PROD_0991,Canon EOS 1500D,Camera,Budget,45357,48621,45088,289,2.7,2019,394,Normal,0,Tuesday
PROD_0996,Nikon D3500,Camera,Budget,32443,35856,32795,357,3,1646,631,Festive,11.6,Friday
PROD_1000,Sony Alpha A7 IV,Camera,Premium,175511,190745,189928,358,4.2,50,201,Normal,0,Friday
PROD_1015,Sony Alpha A7 IV,Camera,Premium,175511,196572,167865,446,4.3,140,414,Festive,12.3,Thursday
PROD_1028,Sony Alpha ZV-E10,Camera,Mid,107159,114151,114413,318,4.1,833,572,Normal,6,Monday
PROD_1037,Sony Alpha A7 IV,Camera,Premium,175511,188661,174018,371,4.4,609,458,Normal,2.4,Sunday
PROD_1043,Nikon D3500,Camera,Budget,32443,34756,33288,378,3.1,2642,541,Normal,1.3,Monday
PROD_1046,Canon EOS 1500D,Camera,Budget,45357,46428,41907,321,3.3,2261,409,Normal,0,Saturday
PROD_1047,Sony Alpha A7 IV,Camera,Premium,175511,196572,177847,397,4,50,168,Festive,4.6,Friday
PROD_1048,Canon EOS 1500D,Camera,Budget,45357,48690,42179,304,2.8,1556,186,Festive,14.2,Thursday
PROD_1063,Canon EOS 1500D,Camera,Budget,45357,49254,41211,381,3.9,2040,53,Festive,11.9,Monday
PROD_1067,Sony Alpha ZV-E10,Camera,Mid,107159,120018,102278,397,4.2,1085,368,Festive,11.4,Tuesday
PROD_1071,Sony Alpha ZV-E10,Camera,Mid,107159,120018,113458,376,3.9,1272,297,Festive,9.8,Monday
PROD_1081,Canon EOS 1500D,Camera,Budget,45357,48297,43276,285,3,2152,531,Normal,0,Sunday
PROD_1089,Nikon D3500,Camera,Budget,32443,34551,28840,408,2.9,2199,512,Festive,11.8,Friday
PROD_1095,Sony Alpha ZV-E10,Camera,Mid,107159,120018,108256,374,4.2,1070,280,Festive,5.3,Tuesday
PROD_1097,Sony Alpha ZV-E10,Camera,Mid,107159,120018,101915,379,3.7,781,277,Festive,14.4,Monday
PROD_1107,Canon EOS 1500D,Camera,Budget,45357,50000,45706,345,3.2,1518,358,Festive,10.3,Sunday
PROD_1108,Nikon D3500,Camera,Budget,32443,36336,34541,470,3.5,2551,370,Festive,11.5,Saturday
PROD_1114,Sony Alpha ZV-E10,Camera,Mid,107159,116661,114665,373,3.9,1817,186,Normal,5.3,Saturday
PROD_1134,Sony Alpha A7 IV,Camera,Premium,175511,189973,179983,382,4.4,50,325,Normal,4.4,Sunday
PROD_1135,Canon EOS 1500D,Camera,Budget,45357,50000,46544,303,2.8,1570,66,Festive,15.3,Monday
PROD_1146,Nikon D3500,Camera,Budget,32443,36322,36310,403,3.5,2083,413,Festive,13.5,Thursday
PROD_1149,Sony Alpha ZV-E10,Camera,Mid,107159,115139,98862,437,4.1,1902,366,Festive,8.1,Monday
PROD_1155,Canon EOS M50 II,Camera,Mid,102117,105129,94684,352,4.1,1567,338,Normal,0,Wednesday
PROD_1158,Nikon D3500,Camera,Budget,32443,34937,33633,344,3.2,1715,378,Normal,0,Friday
PROD_1165,Canon EOS M50 II,Camera,Mid,102117,107820,92750,334,3.6,578,584,Festive,10.3,Tuesday
PROD_1167,Canon EOS M50 II,Camera,Mid,102117,109247,103301,259,3.4,687,392,Normal,0,Tuesday
PROD_1170,Canon EOS 1500D,Camera,Budget,45357,48224,40060,381,3.3,1953,507,Festive,12.6,Wednesday
PROD_1171,Sony Alpha A7 IV,Camera,Premium,175511,188845,170545,379,3.9,50,449,Normal,7.3,Monday
PROD_1176,Sony Alpha A7 IV,Camera,Premium,175511,196572,187715,537,4.9,954,512,Festive,9.2,Monday
PROD_1207,Canon EOS 1500D,Camera,Budget,45357,48801,45504,296,3.3,1860,325,Normal,0.9,Tuesday
PROD_1218,Nikon D3500,Camera,Budget,32443,33832,29814,439,3.6,2393,202,Normal,0,Tuesday
PROD_1225,Canon EOS M50 II,Camera,Mid,102117,110641,105899,347,4.1,843,251,Normal,2.9,Wednesday
PROD_1230,Sony Alpha ZV-E10,Camera,Mid,107159,114587,115313,299,3.7,840,462,Normal,5,Monday
PROD_1240,Sony Alpha ZV-E10,Camera,Mid,107159,113406,104985,326,3.9,1099,723,Normal,0,Thursday
PROD_1249,Canon EOS M50 II,Camera,Mid,102117,110827,103674,354,4,1583,225,Normal,0.5,Saturday
PROD_1252,Canon EOS M50 II,Camera,Mid,102117,110939,105321,362,3.7,1173,215,Normal,0,Thursday
PROD_1255,Canon EOS 1500D,Camera,Budget,45357,50000,49892,387,3.5,2368,382,Festive,14.9,Tuesday
PROD_1256,Canon EOS M50 II,Camera,Mid,102117,109043,92392,341,3.6,328,355,Festive,11.8,Monday
PROD_1266,Canon EOS M50 II,Camera,Mid,102117,110556,96444,382,3.6,1377,120,Festive,15.6,Monday
PROD_1274,Canon EOS M50 II,Camera,Mid,102117,108838,104727,339,3.3,1391,592,Normal,1.6,Tuesday
PROD_1279,Nikon D3500,Camera,Budget,32443,33340,28922,377,3.2,2525,412,Normal,1.4,Saturday
PROD_1283,Canon EOS 1500D,Camera,Budget,45357,48418,50599,290,3,1597,485,Normal,7.9,Sunday
PROD_1284,Sony Alpha A7 IV,Camera,Premium,175511,180679,161494,376,4,443,375,Normal,3.1,Sunday
PROD_1289,Canon EOS 1500D,Camera,Budget,45357,46891,41217,321,3.2,2059,205,Normal,1.5,Friday
PROD_1296,Canon EOS 1500D,Camera,Budget,45357,46116,41233,294,3.4,2176,506,Normal,3.3,Saturday
PROD_1298,Sony Alpha A7 IV,Camera,Premium,175511,195852,180409,464,4.6,50,578,Festive,4.3,Wednesday
PROD_1303,Sony Alpha ZV-E10,Camera,Mid,107159,120018,113193,363,3.1,581,168,Festive,12.9,Friday
PROD_1305,Nikon D3500,Camera,Budget,32443,33829,30630,383,3.8,2238,120,Normal,3.1,Wednesday
PROD_1309,Canon EOS 1500D,Camera,Budget,45357,48115,49915,255,2.6,1601,566,Normal,0,Sunday
PROD_1310,Sony Alpha A7 IV,Camera,Premium,175511,188454,170110,402,4.7,740,528,Normal,6,Saturday
PROD_1316,Canon EOS 1500D,Camera,Budget,45357,45929,42015,277,3.3,1901,563,Normal,5.4,Tuesday
PROD_1326,Nikon D3500,Camera,Budget,32443,36336,35469,484,3.6,3432,517,Festive,13,Thursday
PROD_1335,Canon EOS M50 II,Camera,Mid,102117,113656,98048,382,4,869,513,Festive,11.9,Tuesday
PROD_1344,Canon EOS 1500D,Camera,Budget,45357,50000,49649,363,3.3,2136,218,Festive,9.5,Tuesday
PROD_1349,Sony Alpha A7 IV,Camera,Premium,175511,188555,165479,451,4.1,179,390,Festive,8.6,Thursday
PROD_1352,Canon EOS 1500D,Camera,Budget,45357,48417,44875,269,3.1,1938,454,Normal,2.8,Saturday
PROD_1355,Sony Alpha ZV-E10,Camera,Mid,107159,115056,109019,324,3.5,1326,412,Normal,7,Saturday
PROD_1360,Nikon D3500,Camera,Budget,32443,33231,29733,344,3.2,1872,430,Normal,2.1,Monday
PROD_1369,Nikon D3500,Camera,Budget,32443,34462,29523,372,3,1797,513,Festive,9.9,Wednesday
PROD_1385,Nikon D3500,Camera,Budget,32443,36336,35328,438,3.4,2464,129,Festive,7.7,Monday
PROD_1404,Canon EOS M50 II,Camera,Mid,102117,104846,90717,301,4,634,317,Normal,0,Wednesday
PROD_1409,Sony Alpha A7 IV,Camera,Premium,175511,196572,178576,476,4.6,132,336,Festive,9.9,Tuesday
PROD_1412,Sony Alpha A7 IV,Camera,Premium,175511,190433,184574,399,4.3,352,298,Normal,6.9,Wednesday
PROD_1416,Sony Alpha A7 IV,Camera,Premium,175511,196572,184872,486,4.3,636,202,Festive,13.4,Sunday
PROD_1417,Nikon D3500,Camera,Budget,32443,34527,31231,348,3.1,1651,637,Normal,3.3,Saturday
PROD_1422,Canon EOS 1500D,Camera,Budget,45357,48407,50593,262,2.9,2236,448,Normal,0,Sunday
PROD_1423,Canon EOS 1500D,Camera,Budget,45357,48739,43929,285,3.1,2064,336,Normal,6.1,Thursday
PROD_1424,Canon EOS M50 II,Camera,Mid,102117,109900,110001,351,4.2,1776,402,Normal,2.1,Saturday
PROD_1425,Sony Alpha A7 IV,Camera,Premium,175511,188288,180350,394,4.4,638,535,Normal,0,Thursday
PROD_1427,Sony Alpha A7 IV,Camera,Premium,175511,182000,165706,389,3.8,397,244,Normal,4.2,Wednesday
PROD_1435,Sony Alpha A7 IV,Camera,Premium,175511,182061,166275,425,4.6,676,291,Normal,4.8,Wednesday
PROD_1440,Canon EOS 1500D,Camera,Budget,45357,50000,46940,392,3.5,1388,367,Festive,12.4,Thursday
PROD_1442,Canon EOS M50 II,Camera,Mid,102117,105170,91607,334,3.6,1105,303,Normal,0.4,Sunday
PROD_1448,Nikon D3500,Camera,Budget,32443,34692,32346,326,3.6,1815,502,Normal,4.4,Tuesday
PROD_1450,Sony Alpha A7 IV,Camera,Premium,175511,196572,168166,460,4.3,1076,310,Festive,7.2,Saturday
PROD_1458,Canon EOS 1500D,Camera,Budget,45357,49204,44186,331,3.4,2555,200,Normal,4.4,Monday
PROD_1459,Sony Alpha A7 IV,Camera,Premium,175511,190600,189102,349,4.3,517,204,Normal,3.3,Tuesday
PROD_1461,Sony Alpha ZV-E10,Camera,Mid,107159,115785,109005,288,3.3,1155,222,Normal,0,Monday
PROD_1463,Canon EOS 1500D,Camera,Budget,45357,48603,47595,295,3.5,1485,411,Normal,4.8,Tuesday
PROD_1469,Sony Alpha ZV-E10,Camera,Mid,107159,115940,111303,338,4.1,1484,268,Normal,5.6,Friday
PROD_1475,Canon EOS 1500D,Camera,Budget,45357,50000,46847,321,3.1,1511,430,Festive,7.6,Sunday
PROD_1479,Sony Alpha ZV-E10,Camera,Mid,107159,118724,110436,373,4.2,673,601,Festive,13.5,Tuesday
PROD_1483,Canon EOS 1500D,Camera,Budget,45357,46552,41640,312,3.2,2328,341,Normal,4.5,Sunday
PROD_1488,Nikon D3500,Camera,Budget,32443,33118,30399,309,2.9,1889,447,Normal,7.4,Friday
PROD_1493,Sony Alpha A7 IV,Camera,Premium,175511,190534,175703,384,4,647,264,Normal,0.9,Saturday
PROD_1495,Canon EOS M50 II,Camera,Mid,102117,109742,103635,265,3.4,640,304,Normal,6.1,Sunday
PROD_1497,Sony Alpha ZV-E10,Camera,Mid,107159,109090,96183,305,3.8,679,497,Normal,7.9,Friday
PROD_1500,Nikon D3500,Camera,Budget,32443,34731,28906,488,3.4,2341,521,Festive,15.8,Tuesday
PROD_1506,Nikon D3500,Camera,Budget,32443,36165,32033,400,2.8,2190,505,Festive,11.2,Wednesday
PROD_1508,Canon EOS M50 II,Camera,Mid,102117,111236,110804,348,3.9,1424,136,Normal,0.3,Sunday
PROD_1511,Canon EOS 1500D,Camera,Budget,45357,50000,47364,394,3.5,2235,610,Festive,10.4,Tuesday
PROD_1518,Sony Alpha A7 IV,Camera,Premium,175511,181495,159161,376,4.2,505,282,Normal,0,Monday
PROD_1519,Canon EOS M50 II,Camera,Mid,102117,110396,107680,341,4,1402,290,Normal,2.2,Wednesday
PROD_1523,Sony Alpha ZV-E10,Camera,Mid,107159,115943,108265,299,3.9,1198,209,Normal,5.2,Friday
PROD_1526,Canon EOS M50 II,Camera,Mid,102117,113893,109900,365,3.2,1265,441,Festive,15.9,Thursday
PROD_1529,Canon EOS M50 II,Camera,Mid,102117,105578,96093,304,3.5,1129,178,Normal,4.5,Wednesday
PROD_1540,Canon EOS 1500D,Camera,Budget,45357,48458,46926,323,3.8,2324,517,Normal,4.8,Friday
PROD_1546,Sony Alpha ZV-E10,Camera,Mid,107159,115696,116775,317,4.2,1259,282,Normal,2,Thursday
PROD_1555,Canon EOS M50 II,Camera,Mid,102117,109584,101366,311,3.5,749,404,Normal,3.3,Saturday
PROD_1556,Canon EOS M50 II,Camera,Mid,102117,110191,106583,315,3.9,369,291,Normal,2.1,Wednesday
PROD_1560,Nikon D3500,Camera,Budget,32443,36333,32400,395,3.2,1864,394,Festive,11.7,Monday
PROD_1567,Canon EOS M50 II,Camera,Mid,102117,114371,97523,401,3.6,492,315,Festive,9.3,Saturday
PROD_1569,Nikon D3500,Camera,Budget,32443,33522,30543,381,3,2230,306,Normal,0,Sunday
PROD_1572,Canon EOS 1500D,Camera,Budget,45357,46486,40450,298,3.4,2369,349,Normal,2.7,Monday
PROD_1574,Sony Alpha ZV-E10,Camera,Mid,107159,115048,111844,289,3.4,897,361,Normal,3.8,Wednesday
PROD_1576,Canon EOS 1500D,Camera,Budget,45357,50000,44339,415,3.7,2358,366,Festive,14,Saturday
PROD_1579,Sony Alpha ZV-E10,Camera,Mid,107159,114767,116314,318,3.2,1014,457,Normal,6.5,Tuesday
PROD_1582,Sony Alpha ZV-E10,Camera,Mid,107159,114858,107864,300,3.6,1509,413,Normal,2.9,Saturday
PROD_1584,Nikon D3500,Camera,Budget,32443,33554,29706,343,3,1838,229,Normal,2.2,Wednesday
PROD_1599,Sony Alpha A7 IV,Camera,Premium,175511,187967,190364,333,3.9,137,480,Normal,2,Sunday
PROD_1603,Canon EOS 1500D,Camera,Budget,45357,46081,40049,263,3,1619,475,Normal,0.7,Tuesday
PROD_1605,Canon EOS M50 II,Camera,Mid,102117,113383,104238,385,3.7,916,571,Festive,10.5,Sunday
PROD_1606,Canon EOS M50 II,Camera,Mid,102117,103921,94304,301,4,922,498,Normal,0.2,Sunday
PROD_1607,Sony Alpha ZV-E10,Camera,Mid,107159,109478,99842,290,3.8,1096,402,Normal,4.1,Sunday
PROD_1611,Sony Alpha ZV-E10,Camera,Mid,107159,120004,112266,399,4,1384,401,Festive,14.1,Wednesday
PROD_1623,Sony Alpha ZV-E10,Camera,Mid,107159,115512,104457,328,3.9,1183,333,Normal,4,Monday
PROD_1632,Nikon D3500,Camera,Budget,32443,33658,30067,351,3.6,1924,177,Normal,0.5,Wednesday
PROD_1635,Nikon D3500,Camera,Budget,32443,35032,31399,347,3.4,1980,324,Normal,2.3,Monday
PROD_1643,Sony Alpha ZV-E10,Camera,Mid,107159,114285,114209,366,4.5,985,619,Normal,5.1,Wednesday
PROD_1647,Canon EOS M50 II,Camera,Mid,102117,113520,112835,351,3.1,855,493,Festive,7.6,Sunday
PROD_1650,Nikon D3500,Camera,Budget,32443,35151,34397,313,3.3,1284,200,Normal,0,Sunday
PROD_1655,Nikon D3500,Camera,Budget,32443,36336,35851,501,4.2,2656,473,Festive,11.9,Friday
PROD_1668,Canon EOS 1500D,Camera,Budget,45357,48719,46408,301,3.1,1726,369,Normal,0.6,Friday
PROD_1674,Canon EOS 1500D,Camera,Budget,45357,48826,48614,292,3.2,1869,308,Normal,2.9,Sunday
PROD_1701,Sony Alpha A7 IV,Camera,Premium,175511,185668,159921,507,4.5,832,803,Festive,12.1,Monday
PROD_1707,Nikon D3500,Camera,Budget,32443,34815,33024,347,3.5,2295,458,Normal,0,Saturday
PROD_1711,Canon EOS 1500D,Camera,Budget,45357,48624,43952,322,3.5,2563,442,Normal,0,Wednesday
PROD_1718,Nikon D3500,Camera,Budget,32443,34715,34758,296,2.7,1920,443,Normal,0,Monday
PROD_1726,Sony Alpha A7 IV,Camera,Premium,175511,189328,188593,429,4.5,296,469,Normal,0.9,Monday
PROD_1744,Canon EOS 1500D,Camera,Budget,45357,48215,49524,281,3.3,1911,561,Normal,8.1,Sunday
PROD_1746,Canon EOS 1500D,Camera,Budget,45357,49182,44070,302,3.5,1742,166,Normal,3.3,Thursday
PROD_1749,Nikon D3500,Camera,Budget,32443,35107,36203,323,3.7,1500,242,Normal,2.4,Thursday
PROD_1751,Sony Alpha A7 IV,Camera,Premium,175511,190034,190243,448,4.4,1543,417,Normal,2.7,Tuesday
PROD_1758,Canon EOS M50 II,Camera,Mid,102117,104856,92441,351,4.1,1751,390,Normal,3.4,Friday
PROD_1762,Nikon D3500,Camera,Budget,32443,34838,29820,439,3.1,1939,382,Festive,8.3,Thursday
PROD_1776,Canon EOS 1500D,Camera,Budget,45357,49994,49375,300,2.3,1283,605,Festive,11.5,Friday
PROD_1780,Canon EOS M50 II,Camera,Mid,102117,111473,106877,375,4.2,1095,130,Normal,1.6,Wednesday
PROD_1782,Canon EOS M50 II,Camera,Mid,102117,104894,91582,304,3.3,1014,312,Normal,3.6,Wednesday
PROD_1792,Sony Alpha ZV-E10,Camera,Mid,107159,114397,108803,330,4.2,703,544,Normal,2.8,Monday
PROD_1794,Canon EOS M50 II,Camera,Mid,102117,109408,107090,322,3.7,1417,455,Normal,3.6,Sunday
PROD_0002,boAt Bassheads 100,Earphones,Budget,1787,1906,1934,317,3.8,2097,541,Normal,3.8,Monday
PROD_0010,Realme Buds 2,Earphones,Budget,2347,2518,2527,199,2.9,1823,240,Normal,8.7,Friday
PROD_0012,boAt Bassheads 100,Earphones,Budget,1787,1915,1623,449,4,2890,439,Festive,11,Saturday
PROD_0014,boAt Bassheads 100,Earphones,Budget,1787,1982,1729,320,3.6,1651,492,Festive,14.2,Friday
PROD_0018,Sony WH-CH520,Earphones,Mid,8381,8997,8158,222,3.4,888,262,Normal,2.7,Wednesday
PROD_0049,JBL Tune 770NC,Earphones,Mid,9817,10404,9801,219,3.8,1591,531,Normal,6.9,Tuesday
PROD_0059,JBL Tune 770NC,Earphones,Mid,9817,10461,9613,221,3.9,1251,419,Normal,3.7,Tuesday
PROD_0077,Sony WH-CH520,Earphones,Mid,8381,8572,7553,299,3.6,1208,392,Normal,1.6,Wednesday
PROD_0082,boAt Bassheads 100,Earphones,Budget,1787,1894,1661,337,3.1,1266,505,Festive,10.4,Friday
PROD_0113,boAt Bassheads 100,Earphones,Budget,1787,1906,1575,407,3.5,1860,470,Festive,11.1,Sunday
PROD_0114,Realme Buds 2,Earphones,Budget,2347,2489,2245,175,2.8,1596,446,Normal,4.1,Tuesday
PROD_0127,Sony WH-CH520,Earphones,Mid,8381,9276,8039,325,3.6,1232,550,Festive,14.9,Sunday
PROD_0135,Apple AirPods Pro 2,Earphones,Premium,15388,16031,14065,382,4.6,527,136,Normal,0,Tuesday
PROD_0139,Apple AirPods Pro 2,Earphones,Premium,15388,16320,13742,425,3.7,311,626,Festive,10.2,Tuesday
PROD_0142,JBL Tune 770NC,Earphones,Mid,9817,10882,10330,264,3.3,532,426,Festive,11.2,Friday
PROD_0147,Apple AirPods Pro 2,Earphones,Premium,15388,17182,17049,465,4.5,50,565,Festive,14.3,Saturday
PROD_0150,Apple AirPods Pro 2,Earphones,Premium,15388,16687,14843,410,4.9,379,326,Normal,5.1,Monday
PROD_0176,boAt Bassheads 100,Earphones,Budget,1787,1926,1789,287,3.3,1858,267,Normal,4.6,Friday
PROD_0192,Sony WH-CH520,Earphones,Mid,8381,9058,8348,293,3.9,1614,222,Normal,5.5,Wednesday
PROD_0196,Apple AirPods Pro 2,Earphones,Premium,15388,16593,15588,389,4.2,241,417,Normal,6.6,Thursday
PROD_0197,JBL Tune 770NC,Earphones,Mid,9817,10379,10025,155,3.3,940,486,Normal,4.6,Friday
PROD_0199,JBL Tune 770NC,Earphones,Mid,9817,10445,9804,206,3.5,1554,428,Normal,0.4,Monday
PROD_0203,boAt Bassheads 100,Earphones,Budget,1787,1894,1633,390,3.5,2078,586,Festive,6.5,Monday
PROD_0206,Sony WH-CH520,Earphones,Mid,8381,8963,9248,230,3.5,1143,355,Normal,2,Wednesday
PROD_0213,boAt Bassheads 100,Earphones,Budget,1787,1901,1646,349,3.5,2298,443,Festive,8.6,Wednesday
PROD_0214,Apple AirPods Pro 2,Earphones,Premium,15388,15875,14077,402,4.2,357,369,Normal,4.2,Tuesday
PROD_0217,Apple AirPods Pro 2,Earphones,Premium,15388,17114,14834,464,4.1,988,652,Festive,5.8,Saturday
PROD_0219,boAt Bassheads 100,Earphones,Budget,1787,1829,1618,282,3,2400,345,Normal,4.9,Friday
PROD_0221,Realme Buds 2,Earphones,Budget,2347,2399,2196,265,3.7,1559,351,Normal,0,Friday
PROD_0227,boAt Bassheads 100,Earphones,Budget,1787,1920,1672,349,3.2,1895,224,Festive,7.1,Sunday
PROD_0231,Realme Buds 2,Earphones,Budget,2347,2451,2083,277,3.2,1986,723,Festive,16.8,Thursday
PROD_0236,Realme Buds 2,Earphones,Budget,2347,2366,2112,213,3.1,2093,557,Normal,6.3,Sunday
PROD_0247,Sony WH-CH520,Earphones,Mid,8381,9377,8727,338,3.5,772,330,Festive,6,Sunday
PROD_0249,JBL Tune 770NC,Earphones,Mid,9817,10388,9979,161,3.6,730,478,Normal,0.4,Friday
PROD_0254,Apple AirPods Pro 2,Earphones,Premium,15388,15826,14429,339,3.9,312,339,Normal,3.5,Friday
PROD_0257,Realme Buds 2,Earphones,Budget,2347,2490,2238,166,2.9,1679,428,Normal,3.2,Thursday
PROD_0264,JBL Tune 770NC,Earphones,Mid,9817,10822,10209,261,3.4,1156,544,Festive,9.3,Saturday
PROD_0285,JBL Tune 770NC,Earphones,Mid,9817,10515,10556,209,4,511,291,Normal,3,Friday
PROD_0289,JBL Tune 770NC,Earphones,Mid,9817,10939,10843,287,3.4,922,343,Festive,16.2,Friday
PROD_0290,Realme Buds 2,Earphones,Budget,2347,2602,2451,303,2.7,2055,477,Festive,6.5,Wednesday
PROD_0302,Sony WH-CH520,Earphones,Mid,8381,8899,8116,229,3.6,781,507,Normal,4.9,Sunday
PROD_0305,Sony WH-CH520,Earphones,Mid,8381,8858,7586,393,4.6,1410,649,Festive,10.3,Wednesday
PROD_0307,boAt Bassheads 100,Earphones,Budget,1787,1899,1700,274,3.6,1868,547,Normal,5,Sunday
PROD_0321,Realme Buds 2,Earphones,Budget,2347,2410,2084,239,3.4,2485,220,Normal,0,Monday
PROD_0327,Sony WH-CH520,Earphones,Mid,8381,8565,7830,269,3.8,1351,363,Normal,4.9,Sunday
PROD_0332,boAt Bassheads 100,Earphones,Budget,1787,1811,1591,364,3.8,2447,670,Normal,4.8,Sunday
PROD_0338,Apple AirPods Pro 2,Earphones,Premium,15388,16679,16271,407,4.5,679,332,Normal,0,Monday
PROD_0342,Sony WH-CH520,Earphones,Mid,8381,9386,8338,319,3.6,1127,271,Festive,13.7,Monday
PROD_0345,Sony WH-CH520,Earphones,Mid,8381,8814,9238,206,3.5,671,675,Normal,3,Wednesday
PROD_0348,Realme Buds 2,Earphones,Budget,2347,2628,2412,269,3.1,1467,166,Festive,14.6,Wednesday
PROD_0363,JBL Tune 770NC,Earphones,Mid,9817,10511,9794,237,4.3,467,340,Normal,1.4,Sunday
PROD_0379,Sony WH-CH520,Earphones,Mid,8381,8955,8792,268,4.1,775,430,Normal,0,Tuesday
PROD_0385,Realme Buds 2,Earphones,Budget,2347,2618,2433,299,3.4,1938,336,Festive,16.7,Tuesday
PROD_0389,Realme Buds 2,Earphones,Budget,2347,2363,2177,187,3,2033,544,Normal,1,Sunday
PROD_0391,Apple AirPods Pro 2,Earphones,Premium,15388,16488,14950,316,3,694,444,Normal,7,Sunday
PROD_0394,Apple AirPods Pro 2,Earphones,Premium,15388,16697,15375,407,4.4,1111,308,Normal,3.7,Wednesday
PROD_0395,JBL Tune 770NC,Earphones,Mid,9817,10551,10070,194,3.5,1359,195,Normal,0,Tuesday
PROD_0399,boAt Bassheads 100,Earphones,Budget,1787,1913,1935,270,3.4,2227,394,Normal,1.2,Friday
PROD_0411,Realme Buds 2,Earphones,Budget,2347,2603,2262,306,3.7,1257,471,Festive,13.5,Thursday
PROD_0420,Realme Buds 2,Earphones,Budget,2347,2358,2115,222,3.4,2181,631,Normal,2.1,Monday
PROD_0421,Apple AirPods Pro 2,Earphones,Premium,15388,17234,15256,437,3.8,156,218,Festive,7.4,Friday
PROD_0427,Sony WH-CH520,Earphones,Mid,8381,9044,9176,337,4.3,2379,321,Normal,3.6,Tuesday
PROD_0430,boAt Bassheads 100,Earphones,Budget,1787,2001,1798,369,3.6,1968,238,Festive,12.4,Saturday
PROD_0432,JBL Tune 770NC,Earphones,Mid,9817,9997,8762,217,4.1,1018,358,Normal,2.9,Tuesday
PROD_0436,Sony WH-CH520,Earphones,Mid,8381,9386,9097,334,3.7,1857,299,Festive,8,Saturday
PROD_0438,boAt Bassheads 100,Earphones,Budget,1787,2001,1811,301,2.9,1990,234,Festive,11.2,Wednesday
PROD_0439,Realme Buds 2,Earphones,Budget,2347,2558,2283,208,2.3,1562,708,Festive,11.1,Tuesday
PROD_0458,Realme Buds 2,Earphones,Budget,2347,2506,2479,247,3.4,1877,409,Normal,0,Monday
PROD_0464,boAt Bassheads 100,Earphones,Budget,1787,1893,1653,352,3,1893,538,Festive,12.1,Wednesday
PROD_0473,Realme Buds 2,Earphones,Budget,2347,2483,2558,227,3.8,1875,579,Normal,4.3,Monday
PROD_0474,JBL Tune 770NC,Earphones,Mid,9817,10925,9739,271,3.6,1668,349,Festive,7.9,Thursday
PROD_0479,Sony WH-CH520,Earphones,Mid,8381,8959,9092,262,4,1361,413,Normal,5.9,Thursday
PROD_0493,Apple AirPods Pro 2,Earphones,Premium,15388,16462,16187,370,4.3,941,558,Normal,0,Sunday
PROD_0499,boAt Bassheads 100,Earphones,Budget,1787,1971,1981,310,3.1,1923,601,Festive,12.3,Friday
PROD_0500,JBL Tune 770NC,Earphones,Mid,9817,10924,9505,276,3.9,1194,358,Festive,14.6,Wednesday
PROD_0507,boAt Bassheads 100,Earphones,Budget,1787,1982,1938,345,3.7,1566,524,Festive,4.2,Monday
PROD_0510,JBL Tune 770NC,Earphones,Mid,9817,9963,9170,212,3.8,930,419,Normal,0,Tuesday
PROD_0512,JBL Tune 770NC,Earphones,Mid,9817,10470,10865,215,3.8,1378,392,Normal,10.1,Friday
PROD_0514,JBL Tune 770NC,Earphones,Mid,9817,10456,9101,307,3.9,1672,358,Festive,12.9,Monday
PROD_0516,Apple AirPods Pro 2,Earphones,Premium,15388,16728,16133,415,4,646,280,Normal,1.5,Wednesday
PROD_0520,Realme Buds 2,Earphones,Budget,2347,2510,2402,178,3.4,1501,274,Normal,3.2,Wednesday
PROD_0530,boAt Bassheads 100,Earphones,Budget,1787,1930,1789,236,3.3,1244,152,Normal,1.8,Sunday
PROD_0532,Realme Buds 2,Earphones,Budget,2347,2605,2255,274,3.1,1994,406,Festive,9.4,Thursday
PROD_0534,JBL Tune 770NC,Earphones,Mid,9817,10433,10302,191,3.9,958,431,Normal,7.2,Sunday
PROD_0536,boAt Bassheads 100,Earphones,Budget,1787,2001,1877,406,3.8,2572,374,Festive,11.3,Saturday
PROD_0550,boAt Bassheads 100,Earphones,Budget,1787,1794,1586,297,3.5,2126,756,Normal,0,Friday
PROD_0552,Realme Buds 2,Earphones,Budget,2347,2506,2511,236,3.6,2658,395,Normal,7.8,Friday
PROD_0559,Apple AirPods Pro 2,Earphones,Premium,15388,15986,14101,447,4.8,1051,293,Normal,3.3,Wednesday
PROD_0562,JBL Tune 770NC,Earphones,Mid,9817,10411,10848,161,3.7,1453,431,Normal,3.8,Friday
PROD_0565,Realme Buds 2,Earphones,Budget,2347,2515,2310,216,3.1,2078,284,Normal,5.9,Friday
PROD_0570,JBL Tune 770NC,Earphones,Mid,9817,10808,9497,227,3.5,307,520,Festive,9.2,Wednesday
PROD_0571,boAt Bassheads 100,Earphones,Budget,1787,1794,1649,318,3.7,1926,792,Normal,2.2,Monday
PROD_0586,JBL Tune 770NC,Earphones,Mid,9817,10854,9579,260,3.3,1246,477,Festive,13.6,Wednesday
PROD_0600,Realme Buds 2,Earphones,Budget,2347,2420,2079,241,3.1,2613,138,Normal,5.6,Wednesday
PROD_0606,Sony WH-CH520,Earphones,Mid,8381,9027,8243,299,3.8,1530,305,Normal,3.1,Sunday
PROD_0618,JBL Tune 770NC,Earphones,Mid,9817,10927,10814,288,4.1,856,370,Festive,9.3,Friday
PROD_0630,boAt Bassheads 100,Earphones,Budget,1787,1935,1914,286,3.3,2171,165,Normal,8,Thursday
PROD_0650,JBL Tune 770NC,Earphones,Mid,9817,10504,9580,222,4,1632,333,Normal,7.2,Monday
PROD_0656,Apple AirPods Pro 2,Earphones,Premium,15388,16474,16178,402,4.4,1208,591,Normal,0,Friday
PROD_0657,Realme Buds 2,Earphones,Budget,2347,2497,2493,248,3.6,2298,486,Normal,4.8,Monday
PROD_0662,Sony WH-CH520,Earphones,Mid,8381,8789,9323,188,3.4,791,708,Normal,0,Wednesday
PROD_0667,boAt Bassheads 100,Earphones,Budget,1787,1894,1687,360,3.4,2038,541,Festive,16.6,Thursday
PROD_0673,boAt Bassheads 100,Earphones,Budget,1787,1834,1634,309,3.7,1955,337,Normal,4.9,Sunday
PROD_0677,Apple AirPods Pro 2,Earphones,Premium,15388,16648,15737,375,4.2,50,324,Normal,0,Tuesday
PROD_0687,Sony WH-CH520,Earphones,Mid,8381,9349,8793,285,3.2,923,316,Festive,15.5,Saturday
PROD_0689,Apple AirPods Pro 2,Earphones,Premium,15388,15912,13614,366,4,688,267,Normal,2.9,Friday
PROD_0691,boAt Bassheads 100,Earphones,Budget,1787,2001,1784,351,2.9,1667,322,Festive,16.5,Sunday
PROD_0697,Realme Buds 2,Earphones,Budget,2347,2503,2382,249,3.1,2325,443,Normal,0.3,Tuesday
PROD_0723,JBL Tune 770NC,Earphones,Mid,9817,10608,10006,188,3.8,862,70,Normal,4.1,Friday
PROD_0754,boAt Bassheads 100,Earphones,Budget,1787,1830,1668,285,3.6,2334,345,Normal,4,Tuesday
PROD_0756,Realme Buds 2,Earphones,Budget,2347,2581,2451,277,3.1,2129,618,Festive,7.7,Friday
PROD_0766,Realme Buds 2,Earphones,Budget,2347,2497,2380,235,3.2,2352,473,Normal,0.7,Sunday
PROD_0777,Apple AirPods Pro 2,Earphones,Premium,15388,17234,16500,464,4.1,488,313,Festive,13,Saturday
PROD_0779,Sony WH-CH520,Earphones,Mid,8381,9032,8914,304,4.9,1073,302,Normal,5.8,Saturday
PROD_0782,Apple AirPods Pro 2,Earphones,Premium,15388,16536,16956,384,4.3,147,483,Normal,0,Friday
PROD_0796,Apple AirPods Pro 2,Earphones,Premium,15388,16700,16207,445,4.8,1120,361,Normal,2.6,Saturday
PROD_0801,JBL Tune 770NC,Earphones,Mid,9817,10995,9846,351,4.4,1523,295,Festive,13,Saturday
PROD_0802,Sony WH-CH520,Earphones,Mid,8381,8960,7740,326,4.1,967,307,Festive,12.5,Saturday
PROD_0813,Realme Buds 2,Earphones,Budget,2347,2598,2353,263,3.2,1625,451,Festive,17.7,Saturday
PROD_0815,JBL Tune 770NC,Earphones,Mid,9817,10542,10949,188,3.3,635,203,Normal,0,Tuesday
PROD_0816,Apple AirPods Pro 2,Earphones,Premium,15388,17234,15816,489,4.7,775,333,Festive,13.1,Sunday
PROD_0817,boAt Bassheads 100,Earphones,Budget,1787,1895,1718,249,2.7,1835,556,Normal,4.9,Tuesday
PROD_0825,Sony WH-CH520,Earphones,Mid,8381,8571,7800,293,4.2,720,384,Normal,0,Monday
PROD_0828,Sony WH-CH520,Earphones,Mid,8381,8932,8340,238,3.9,487,442,Normal,0.4,Wednesday
PROD_0829,JBL Tune 770NC,Earphones,Mid,9817,10441,9958,159,2.8,1067,367,Normal,4.2,Saturday
PROD_0841,Sony WH-CH520,Earphones,Mid,8381,8889,7883,335,4.2,1769,488,Festive,14.5,Friday
PROD_0848,Realme Buds 2,Earphones,Budget,2347,2606,2340,281,3.3,1899,413,Festive,10.7,Friday
PROD_0850,Sony WH-CH520,Earphones,Mid,8381,8901,8434,233,3.4,780,508,Normal,3.9,Wednesday
PROD_0862,Sony WH-CH520,Earphones,Mid,8381,8534,7864,259,3.9,972,422,Normal,8.8,Sunday
PROD_0865,boAt Bassheads 100,Earphones,Budget,1787,1833,1679,335,3.8,2361,377,Normal,3.4,Friday
PROD_0874,Apple AirPods Pro 2,Earphones,Premium,15388,15848,14031,386,4.7,546,380,Normal,0.7,Thursday
PROD_0879,Realme Buds 2,Earphones,Budget,2347,2621,2495,306,3.4,2066,322,Festive,10.9,Saturday
PROD_0880,JBL Tune 770NC,Earphones,Mid,9817,9781,9286,198,3.4,1215,769,Normal,0,Friday
PROD_0882,Realme Buds 2,Earphones,Budget,2347,2391,2077,220,3.7,2296,348,Normal,3.4,Tuesday
PROD_0892,Realme Buds 2,Earphones,Budget,2347,2496,2421,192,3.2,1795,410,Normal,4.7,Wednesday
PROD_0893,boAt Bassheads 100,Earphones,Budget,1787,1825,1679,243,3,1911,337,Normal,6.5,Wednesday
PROD_0897,Apple AirPods Pro 2,Earphones,Premium,15388,16574,16610,380,4.1,593,428,Normal,0.4,Saturday
PROD_0899,JBL Tune 770NC,Earphones,Mid,9817,10482,9838,199,3.5,1001,343,Normal,2.8,Sunday
PROD_0904,boAt Bassheads 100,Earphones,Budget,1787,1953,1805,347,3.9,2869,58,Normal,0,Friday
PROD_0906,Sony WH-CH520,Earphones,Mid,8381,9264,8109,366,3.6,1483,640,Festive,1.5,Tuesday
PROD_0909,Apple AirPods Pro 2,Earphones,Premium,15388,15857,13667,401,4.3,410,391,Normal,4.5,Thursday
PROD_0916,Realme Buds 2,Earphones,Budget,2347,2506,2211,350,4.2,2469,363,Festive,13.7,Sunday
PROD_0919,boAt Bassheads 100,Earphones,Budget,1787,1933,1649,369,3.6,1981,118,Festive,12.2,Wednesday
PROD_0929,boAt Bassheads 100,Earphones,Budget,1787,1922,1735,301,3.2,1882,336,Normal,0,Saturday
PROD_0951,JBL Tune 770NC,Earphones,Mid,9817,10540,10444,216,4,1353,251,Normal,1.7,Monday
PROD_0952,Sony WH-CH520,Earphones,Mid,8381,8986,7531,346,4.1,1483,274,Festive,6.4,Sunday
PROD_0955,boAt Bassheads 100,Earphones,Budget,1787,1995,1970,401,3.6,3123,472,Festive,10.2,Wednesday
PROD_0959,boAt Bassheads 100,Earphones,Budget,1787,1917,1636,356,3.5,1630,270,Festive,15.8,Monday
PROD_0968,Sony WH-CH520,Earphones,Mid,8381,9034,8124,322,4.3,1179,324,Normal,6,Wednesday
PROD_0978,Apple AirPods Pro 2,Earphones,Premium,15388,15684,13837,367,4.4,476,565,Normal,2.7,Sunday
PROD_0980,Apple AirPods Pro 2,Earphones,Premium,15388,17143,16045,434,4,345,569,Festive,15.9,Sunday
PROD_0984,Realme Buds 2,Earphones,Budget,2347,2585,2591,276,3.2,2023,579,Festive,11,Friday
PROD_0989,Realme Buds 2,Earphones,Budget,2347,2374,2119,221,3.2,2238,496,Normal,5.5,Tuesday
PROD_1002,JBL Tune 770NC,Earphones,Mid,9817,10450,9238,340,4.1,1495,420,Festive,12.6,Sunday
PROD_1004,JBL Tune 770NC,Earphones,Mid,9817,10470,10390,223,4.3,1174,404,Normal,4.3,Tuesday
PROD_1014,JBL Tune 770NC,Earphones,Mid,9817,10444,10648,236,3.7,1499,475,Normal,0,Thursday
PROD_1019,Sony WH-CH520,Earphones,Mid,8381,8504,7882,281,4,1558,527,Normal,0.7,Thursday
PROD_1029,Realme Buds 2,Earphones,Budget,2347,2524,2522,248,3.4,2404,263,Normal,4.2,Sunday
PROD_1033,Sony WH-CH520,Earphones,Mid,8381,8489,7852,234,3.4,1136,493,Normal,1.7,Wednesday
PROD_1035,JBL Tune 770NC,Earphones,Mid,9817,10516,10847,247,4.1,748,346,Normal,10.1,Wednesday
PROD_1039,JBL Tune 770NC,Earphones,Mid,9817,10428,9972,215,4.1,922,477,Normal,2.6,Thursday
PROD_1044,JBL Tune 770NC,Earphones,Mid,9817,10635,9593,243,3.8,1804,98,Normal,4.8,Wednesday
PROD_1045,boAt Bassheads 100,Earphones,Budget,1787,1912,1825,368,3.5,2648,552,Normal,0.9,Thursday
PROD_1050,Realme Buds 2,Earphones,Budget,2347,2603,2551,294,3.6,1734,456,Festive,4.3,Tuesday
PROD_1054,Sony WH-CH520,Earphones,Mid,8381,9000,8832,225,3.2,995,259,Normal,3.3,Monday
PROD_1074,Sony WH-CH520,Earphones,Mid,8381,8537,7794,297,4.5,880,471,Normal,2,Monday
PROD_1076,JBL Tune 770NC,Earphones,Mid,9817,10302,10901,196,3.4,1489,705,Normal,5.1,Saturday
PROD_1077,Apple AirPods Pro 2,Earphones,Premium,15388,15830,13758,378,3.7,469,392,Normal,5.7,Sunday
PROD_1082,Apple AirPods Pro 2,Earphones,Premium,15388,16332,13799,422,3.9,961,605,Festive,18,Sunday
PROD_1085,Apple AirPods Pro 2,Earphones,Premium,15388,16764,15883,370,4.3,355,166,Normal,1,Wednesday
PROD_1092,JBL Tune 770NC,Earphones,Mid,9817,10045,8794,203,3.6,1457,239,Normal,2.3,Monday
PROD_1098,Apple AirPods Pro 2,Earphones,Premium,15388,15933,14572,377,4.4,55,257,Normal,0,Sunday
PROD_1105,boAt Bassheads 100,Earphones,Budget,1787,1913,1992,246,3,2223,356,Normal,0,Wednesday
PROD_1106,boAt Bassheads 100,Earphones,Budget,1787,1837,1674,263,3.2,1678,228,Normal,1.2,Thursday
PROD_1110,Apple AirPods Pro 2,Earphones,Premium,15388,15927,13633,354,4.1,685,230,Normal,0.3,Tuesday
PROD_1111,boAt Bassheads 100,Earphones,Budget,1787,1885,1640,333,3.5,1832,599,Festive,6.4,Tuesday
PROD_1121,Sony WH-CH520,Earphones,Mid,8381,8980,8234,272,3.6,1296,377,Normal,1.9,Monday
PROD_1126,Realme Buds 2,Earphones,Budget,2347,2615,2250,247,2.7,1691,284,Festive,16,Thursday
PROD_1129,Sony WH-CH520,Earphones,Mid,8381,8972,8580,205,3.3,1148,297,Normal,7.4,Saturday
PROD_1130,Realme Buds 2,Earphones,Budget,2347,2617,2430,297,3.3,2432,344,Festive,11.6,Saturday
PROD_1139,Apple AirPods Pro 2,Earphones,Premium,15388,16579,15312,384,4.2,494,428,Normal,4.8,Friday
PROD_1144,Apple AirPods Pro 2,Earphones,Premium,15388,16509,16663,404,4.4,1000,549,Normal,1.5,Tuesday
PROD_1145,boAt Bassheads 100,Earphones,Budget,1787,1929,1919,284,3.3,1858,233,Normal,7.4,Saturday
PROD_1152,Sony WH-CH520,Earphones,Mid,8381,9038,7911,314,3.3,1067,102,Festive,13,Sunday
PROD_1161,Apple AirPods Pro 2,Earphones,Premium,15388,16585,15076,401,3.8,421,445,Normal,8,Tuesday
PROD_1168,JBL Tune 770NC,Earphones,Mid,9817,10844,10773,300,4.2,1058,557,Festive,9.3,Tuesday
PROD_1169,Apple AirPods Pro 2,Earphones,Premium,15388,17155,16352,453,4.3,482,582,Festive,7.2,Sunday
PROD_1175,Apple AirPods Pro 2,Earphones,Premium,15388,17234,17158,461,4.4,707,354,Festive,10.5,Friday
PROD_1177,boAt Bassheads 100,Earphones,Budget,1787,1991,1988,320,3,1693,395,Festive,8.1,Saturday
PROD_1179,boAt Bassheads 100,Earphones,Budget,1787,1926,1985,347,4,2329,364,Normal,7.1,Sunday
PROD_1181,boAt Bassheads 100,Earphones,Budget,1787,1919,1929,321,3.9,2643,398,Normal,0,Tuesday
PROD_1182,JBL Tune 770NC,Earphones,Mid,9817,10371,9581,140,3.3,400,481,Normal,5.3,Monday
PROD_1183,Sony WH-CH520,Earphones,Mid,8381,9262,8086,283,4,469,522,Festive,9.7,Monday
PROD_1190,Apple AirPods Pro 2,Earphones,Premium,15388,15666,14236,345,3.9,50,555,Normal,2.7,Sunday
PROD_1193,boAt Bassheads 100,Earphones,Budget,1787,1910,1870,288,3.8,2060,450,Normal,4.9,Monday
PROD_1194,Sony WH-CH520,Earphones,Mid,8381,8896,8144,270,3.4,1099,574,Normal,0,Monday
PROD_1198,Apple AirPods Pro 2,Earphones,Premium,15388,15833,13969,355,4.1,50,353,Normal,1.7,Tuesday
PROD_1199,Apple AirPods Pro 2,Earphones,Premium,15388,17234,16745,478,4.8,394,501,Festive,8,Wednesday
PROD_1201,boAt Bassheads 100,Earphones,Budget,1787,1941,1768,294,3.7,1579,111,Normal,5.7,Friday
PROD_1202,Sony WH-CH520,Earphones,Mid,8381,9335,8805,362,3.9,1694,465,Festive,16.3,Tuesday
PROD_1217,Sony WH-CH520,Earphones,Mid,8381,9327,8324,329,3.7,1201,434,Festive,7.4,Wednesday
PROD_1232,Realme Buds 2,Earphones,Budget,2347,2622,2365,268,3.1,2112,253,Festive,11.4,Monday
PROD_1236,boAt Bassheads 100,Earphones,Budget,1787,1909,1669,379,3.2,2073,397,Festive,7,Tuesday
PROD_1243,JBL Tune 770NC,Earphones,Mid,9817,10418,9485,259,4.2,1405,563,Normal,0,Wednesday
PROD_1250,Realme Buds 2,Earphones,Budget,2347,2503,2505,238,3.3,2515,421,Normal,5.1,Wednesday
PROD_1262,Sony WH-CH520,Earphones,Mid,8381,8985,8807,304,4,1524,414,Normal,0,Tuesday
PROD_1263,Apple AirPods Pro 2,Earphones,Premium,15388,17234,16075,483,4.2,841,487,Festive,8.6,Wednesday
PROD_1275,Sony WH-CH520,Earphones,Mid,8381,8978,8178,321,4.4,1358,456,Normal,1.4,Monday
PROD_1277,Realme Buds 2,Earphones,Budget,2347,2628,2521,295,3.1,1896,237,Festive,4.1,Monday
PROD_1294,boAt Bassheads 100,Earphones,Budget,1787,1808,1590,229,3,1689,507,Normal,7.2,Friday
PROD_1297,Realme Buds 2,Earphones,Budget,2347,2385,2076,186,2.9,1876,347,Normal,5.3,Wednesday
PROD_1300,Realme Buds 2,Earphones,Budget,2347,2499,2616,179,2.8,2049,371,Normal,0,Monday
PROD_1301,Sony WH-CH520,Earphones,Mid,8381,8941,7397,270,3.2,1105,267,Festive,8.7,Tuesday
PROD_1302,JBL Tune 770NC,Earphones,Mid,9817,10994,10769,266,4,926,200,Festive,16.6,Wednesday
PROD_1306,Realme Buds 2,Earphones,Budget,2347,2492,2141,320,3.9,2639,444,Festive,11.3,Thursday
PROD_1308,JBL Tune 770NC,Earphones,Mid,9817,10396,9831,203,4.1,1267,524,Normal,3.9,Wednesday
PROD_1320,Apple AirPods Pro 2,Earphones,Premium,15388,16670,16959,371,4.3,50,289,Normal,7,Monday
PROD_1321,JBL Tune 770NC,Earphones,Mid,9817,9951,9176,189,4,1218,410,Normal,2.6,Friday
PROD_1327,Apple AirPods Pro 2,Earphones,Premium,15388,17226,16790,409,4.3,112,424,Festive,13.6,Monday
PROD_1331,JBL Tune 770NC,Earphones,Mid,9817,10446,10817,188,3.7,940,400,Normal,4,Tuesday
PROD_1340,boAt Bassheads 100,Earphones,Budget,1787,1912,1851,309,3.4,2319,459,Normal,0.3,Wednesday
PROD_1345,Realme Buds 2,Earphones,Budget,2347,2615,2236,301,3.3,2308,363,Festive,10.5,Monday
PROD_1351,Realme Buds 2,Earphones,Budget,2347,2526,2495,207,3,1969,177,Normal,7.5,Saturday
PROD_1357,Realme Buds 2,Earphones,Budget,2347,2493,2605,226,3.5,2189,492,Normal,6.5,Monday
PROD_1358,Sony WH-CH520,Earphones,Mid,8381,8967,8796,266,3.4,1309,400,Normal,1.1,Tuesday
PROD_1365,Apple AirPods Pro 2,Earphones,Premium,15388,16556,16825,353,3.8,268,411,Normal,3.7,Sunday
PROD_1372,JBL Tune 770NC,Earphones,Mid,9817,10484,10272,249,3.6,1149,414,Normal,6.6,Monday
PROD_1373,Apple AirPods Pro 2,Earphones,Premium,15388,16504,16618,397,4.5,856,545,Normal,0.8,Sunday
PROD_1375,Realme Buds 2,Earphones,Budget,2347,2618,2470,289,2.9,1588,320,Festive,10.9,Wednesday
PROD_1383,boAt Bassheads 100,Earphones,Budget,1787,1913,1919,276,3,1898,403,Normal,0.1,Sunday
PROD_1387,boAt Bassheads 100,Earphones,Budget,1787,1923,1829,340,3.6,2905,387,Normal,8.4,Monday
PROD_1390,Sony WH-CH520,Earphones,Mid,8381,8966,7985,257,3.9,801,389,Normal,3,Sunday
PROD_1391,Apple AirPods Pro 2,Earphones,Premium,15388,16532,16464,416,4.8,628,537,Normal,0.9,Sunday
PROD_1393,JBL Tune 770NC,Earphones,Mid,9817,10435,9215,299,3.9,947,388,Festive,12.7,Friday
PROD_1397,Realme Buds 2,Earphones,Budget,2347,2496,2472,201,3.3,2193,425,Normal,3.2,Friday
PROD_1410,boAt Bassheads 100,Earphones,Budget,1787,1936,1796,339,3.8,1992,232,Normal,0.1,Tuesday
PROD_1411,Realme Buds 2,Earphones,Budget,2347,2602,2510,318,3.2,1909,496,Festive,8.6,Monday
PROD_1414,JBL Tune 770NC,Earphones,Mid,9817,10424,10438,239,4.1,949,520,Normal,0,Saturday
PROD_1415,Realme Buds 2,Earphones,Budget,2347,2385,2067,197,3.3,1774,367,Normal,3.3,Wednesday
PROD_1428,Sony WH-CH520,Earphones,Mid,8381,8976,8117,271,3.6,1016,385,Normal,0.3,Thursday
PROD_1432,Apple AirPods Pro 2,Earphones,Premium,15388,17234,16049,474,4.3,50,347,Festive,9.3,Monday
PROD_1434,Sony WH-CH520,Earphones,Mid,8381,8931,8344,250,3.4,1125,461,Normal,3,Friday
PROD_1439,Realme Buds 2,Earphones,Budget,2347,2603,2324,283,3,1699,438,Festive,9,Thursday
PROD_1441,boAt Bassheads 100,Earphones,Budget,1787,2001,1725,323,3,1767,216,Festive,11.7,Friday
PROD_1455,Sony WH-CH520,Earphones,Mid,8381,9347,8229,367,4.3,774,444,Festive,11.8,Friday
PROD_1465,Apple AirPods Pro 2,Earphones,Premium,15388,16418,15425,356,4.1,513,595,Normal,4.9,Thursday
PROD_1472,boAt Bassheads 100,Earphones,Budget,1787,2001,1790,336,2.9,1498,198,Festive,6.9,Wednesday
PROD_1473,Apple AirPods Pro 2,Earphones,Premium,15388,16575,14341,492,5,106,395,Festive,9.4,Sunday
PROD_1477,boAt Bassheads 100,Earphones,Budget,1787,1917,1863,342,3.6,2941,453,Normal,3.6,Monday
PROD_1481,JBL Tune 770NC,Earphones,Mid,9817,10572,10522,205,3.7,1356,168,Normal,7.9,Friday
PROD_1489,Apple AirPods Pro 2,Earphones,Premium,15388,16624,15256,409,4.8,682,406,Normal,12.6,Thursday
PROD_1496,JBL Tune 770NC,Earphones,Mid,9817,10795,9954,228,3.3,717,548,Festive,6.1,Sunday
PROD_1499,Realme Buds 2,Earphones,Budget,2347,2373,2200,240,3.7,2335,533,Normal,0,Tuesday
PROD_1501,Sony WH-CH520,Earphones,Mid,8381,9318,9312,276,3.4,620,377,Festive,15.1,Friday
PROD_1521,boAt Bassheads 100,Earphones,Budget,1787,1976,1922,343,2.8,1993,596,Festive,12.7,Thursday
PROD_1524,Apple AirPods Pro 2,Earphones,Premium,15388,16624,16109,387,4.8,250,374,Normal,1,Friday
PROD_1528,boAt Bassheads 100,Earphones,Budget,1787,1935,1844,291,3.7,2163,177,Normal,3.1,Tuesday
PROD_1535,Apple AirPods Pro 2,Earphones,Premium,15388,15953,14216,432,4.6,1380,313,Normal,5.2,Saturday
PROD_1541,Realme Buds 2,Earphones,Budget,2347,2502,2496,182,3.3,2286,344,Normal,3.7,Wednesday
PROD_1557,Apple AirPods Pro 2,Earphones,Premium,15388,16370,14370,435,3.9,243,576,Festive,17,Sunday
PROD_1568,boAt Bassheads 100,Earphones,Budget,1787,1822,1649,273,3.3,2270,409,Normal,1.5,Thursday
PROD_1577,JBL Tune 770NC,Earphones,Mid,9817,10005,9154,195,3.8,818,308,Normal,3.2,Tuesday
PROD_1592,Realme Buds 2,Earphones,Budget,2347,2348,2139,219,3.1,1637,714,Normal,5.5,Saturday
PROD_1610,Realme Buds 2,Earphones,Budget,2347,2515,2125,289,3.4,2052,194,Festive,11.7,Friday
PROD_1615,JBL Tune 770NC,Earphones,Mid,9817,10792,9327,271,3.8,1202,619,Festive,13.7,Friday
PROD_1617,Apple AirPods Pro 2,Earphones,Premium,15388,16587,16794,339,3.4,632,350,Normal,3,Wednesday
PROD_1619,Sony WH-CH520,Earphones,Mid,8381,8392,7411,243,3.6,1054,738,Normal,0.2,Wednesday
PROD_1621,Apple AirPods Pro 2,Earphones,Premium,15388,16617,14266,485,4.3,804,330,Festive,13.5,Tuesday
PROD_1627,Sony WH-CH520,Earphones,Mid,8381,8847,7711,270,3.5,883,492,Festive,12.7,Wednesday
PROD_1636,Sony WH-CH520,Earphones,Mid,8381,9197,8472,309,3.7,1013,714,Festive,11.8,Sunday
PROD_1645,Sony WH-CH520,Earphones,Mid,8381,8982,8881,289,3.9,1685,398,Normal,1.5,Monday
PROD_1649,Realme Buds 2,Earphones,Budget,2347,2509,2267,251,3.8,2414,391,Normal,3.2,Friday
PROD_1658,Sony WH-CH520,Earphones,Mid,8381,8599,7708,301,4.1,1513,331,Normal,2.8,Tuesday
PROD_1659,Sony WH-CH520,Earphones,Mid,8381,9061,7881,391,4.7,2110,162,Festive,7,Monday
PROD_1660,boAt Bassheads 100,Earphones,Budget,1787,1910,1988,307,3.7,2765,478,Normal,8.9,Tuesday
PROD_1664,Sony WH-CH520,Earphones,Mid,8381,9350,9132,379,3.9,1939,456,Festive,9.7,Thursday
PROD_1666,Realme Buds 2,Earphones,Budget,2347,2599,2329,278,3.3,2688,463,Festive,8,Friday
PROD_1675,Apple AirPods Pro 2,Earphones,Premium,15388,15838,13725,365,4.4,59,362,Normal,0,Saturday
PROD_1676,JBL Tune 770NC,Earphones,Mid,9817,10462,9355,258,4.2,2018,471,Normal,0.3,Tuesday
PROD_1679,Apple AirPods Pro 2,Earphones,Premium,15388,17234,16510,505,4.2,801,409,Festive,5.9,Sunday
PROD_1684,Apple AirPods Pro 2,Earphones,Premium,15388,15740,14237,387,4.2,164,523,Normal,1,Thursday
PROD_1685,Sony WH-CH520,Earphones,Mid,8381,8544,7890,210,3.6,1261,326,Normal,6.5,Monday
PROD_1692,Sony WH-CH520,Earphones,Mid,8381,8994,8718,277,3.8,1159,351,Normal,2.3,Monday
PROD_1697,Realme Buds 2,Earphones,Budget,2347,2628,2357,217,2.7,1430,0,Festive,7.5,Monday
PROD_1704,Realme Buds 2,Earphones,Budget,2347,2491,2616,215,2.9,1981,490,Normal,4.6,Friday
PROD_1712,JBL Tune 770NC,Earphones,Mid,9817,9992,8949,211,3.8,1131,358,Normal,0,Friday
PROD_1715,Sony WH-CH520,Earphones,Mid,8381,9347,8952,353,3.8,1468,422,Festive,5.6,Sunday
PROD_1716,Sony WH-CH520,Earphones,Mid,8381,8469,7456,225,3.6,701,526,Normal,11.2,Tuesday
PROD_1719,JBL Tune 770NC,Earphones,Mid,9817,10558,9516,186,3.4,1763,168,Normal,1.1,Monday
PROD_1745,Apple AirPods Pro 2,Earphones,Premium,15388,16887,15422,413,4.3,1129,71,Normal,3.7,Sunday
PROD_1753,boAt Bassheads 100,Earphones,Budget,1787,1938,1954,309,3.5,2591,171,Normal,6.3,Wednesday
PROD_1755,Realme Buds 2,Earphones,Budget,2347,2517,2498,203,3.4,2118,253,Normal,1,Tuesday
PROD_1760,JBL Tune 770NC,Earphones,Mid,9817,10995,10457,287,3.8,1345,102,Festive,15.7,Wednesday
PROD_1769,Apple AirPods Pro 2,Earphones,Premium,15388,16487,16154,397,4.1,867,566,Normal,2.6,Thursday
PROD_1771,boAt Bassheads 100,Earphones,Budget,1787,2001,1715,330,3.1,1803,81,Festive,11.4,Sunday
PROD_1784,JBL Tune 770NC,Earphones,Mid,9817,10435,10025,133,3,900,340,Normal,6.1,Wednesday
PROD_1793,Sony WH-CH520,Earphones,Mid,8381,9356,8841,373,4.4,895,431,Festive,10.7,Sunday
PROD_1795,JBL Tune 770NC,Earphones,Mid,9817,10510,10789,233,4.8,898,337,Normal,4.5,Saturday
PROD_1796,JBL Tune 770NC,Earphones,Mid,9817,10995,10865,324,4.1,1774,252,Festive,15.8,Tuesday
PROD_1800,JBL Tune 770NC,Earphones,Mid,9817,10995,10836,301,4,1321,241,Festive,8.8,Saturday
PROD_0008,Acer Aspire 3,Laptop,Budget,45131,47943,40545,383,4,1705,528,Festive,9.6,Thursday
PROD_0015,MacBook Pro 14,Laptop,Premium,199587,200000,190965,314,4.2,813,274,Festive,10.1,Saturday
PROD_0017,MacBook Pro 14,Laptop,Premium,199587,200000,191624,221,4.4,1235,369,Normal,3.9,Monday
PROD_0019,Dell Inspiron 15,Laptop,Mid,78680,84258,86874,332,4.4,644,480,Normal,6.8,Monday
PROD_0022,MacBook Pro 14,Laptop,Premium,199587,200000,197862,335,4.6,465,213,Festive,14.8,Monday
PROD_0023,Dell Inspiron 15,Laptop,Mid,78680,86959,76657,385,3.5,1516,673,Festive,14.5,Wednesday
PROD_0025,Dell Inspiron 15,Laptop,Mid,78680,87859,86437,329,3.3,813,360,Festive,11.4,Saturday
PROD_0028,Dell Inspiron 15,Laptop,Mid,78680,86020,79362,360,4.2,1279,74,Normal,4.4,Wednesday
PROD_0033,Lenovo IdeaPad 5,Laptop,Mid,61502,68854,66811,494,4.2,670,550,Festive,10.2,Wednesday
PROD_0044,Acer Aspire 3,Laptop,Budget,45131,50546,46948,372,2.9,1920,340,Festive,12.8,Sunday
PROD_0045,MacBook Pro 14,Laptop,Premium,199587,200000,196923,165,3.9,399,553,Normal,7.8,Thursday
PROD_0048,Acer Aspire 3,Laptop,Budget,45131,48638,44717,337,3.8,2415,351,Normal,0,Saturday
PROD_0069,MacBook Pro 14,Laptop,Premium,199587,200000,197156,209,4.6,372,392,Normal,3.9,Tuesday
PROD_0071,HP Pavilion 15,Laptop,Budget,31315,33562,30142,381,2.8,2306,536,Normal,3.8,Saturday
PROD_0074,MacBook Pro 14,Laptop,Premium,199587,200000,208541,270,3.7,313,475,Festive,8.6,Tuesday
PROD_0075,Dell Inspiron 15,Laptop,Mid,78680,85212,80679,329,3.8,1102,233,Normal,5.3,Saturday
PROD_0083,MacBook Pro 14,Laptop,Premium,199587,200000,198367,360,4.9,682,401,Festive,10.4,Saturday
PROD_0089,Dell Inspiron 15,Laptop,Mid,78680,85178,86698,338,4.4,1270,255,Normal,5.1,Saturday
PROD_0090,Lenovo IdeaPad 5,Laptop,Mid,61502,65762,62678,361,3.4,797,556,Normal,6.3,Sunday
PROD_0092,Acer Aspire 3,Laptop,Budget,45131,49020,46522,371,3.8,3370,233,Normal,7.5,Wednesday
PROD_0095,HP Pavilion 15,Laptop,Budget,31315,33852,30645,435,3.4,2769,432,Normal,0,Saturday
PROD_0096,Lenovo IdeaPad 5,Laptop,Mid,61502,68882,66452,436,3.7,608,454,Festive,6.6,Wednesday
PROD_0098,MacBook Pro 14,Laptop,Premium,199587,200000,183033,242,4.5,951,450,Normal,3.4,Tuesday
PROD_0102,Lenovo IdeaPad 5,Laptop,Mid,61502,68614,66312,480,3.7,1203,607,Festive,14.4,Tuesday
PROD_0106,MacBook Pro 14,Laptop,Premium,199587,200000,180347,169,3.8,453,420,Normal,5.6,Thursday
PROD_0108,Dell Inspiron 15,Laptop,Mid,78680,84759,75764,307,4,1315,315,Normal,1.1,Thursday
PROD_0111,Dell Inspiron 15,Laptop,Mid,78680,88121,75682,397,3.5,1488,332,Festive,17.1,Monday
PROD_0112,Dell Inspiron 15,Laptop,Mid,78680,88121,78772,382,3.5,1005,292,Festive,11.5,Monday
PROD_0117,Dell Inspiron 15,Laptop,Mid,78680,80287,73818,269,3.4,641,395,Normal,0,Thursday
PROD_0119,MacBook Pro 14,Laptop,Premium,199587,200000,205867,230,4.2,491,342,Normal,0,Wednesday
PROD_0121,Dell Inspiron 15,Laptop,Mid,78680,85230,85315,308,3.9,645,197,Normal,6.8,Wednesday
PROD_0122,MacBook Pro 14,Laptop,Premium,199587,200000,188209,232,4.4,803,253,Normal,1.3,Saturday
PROD_0123,Acer Aspire 3,Laptop,Budget,45131,50349,49896,329,3.2,1062,381,Festive,14.3,Wednesday
PROD_0130,Acer Aspire 3,Laptop,Budget,45131,48305,44361,308,3.5,2576,455,Normal,7.9,Wednesday
PROD_0134,Acer Aspire 3,Laptop,Budget,45131,50546,46163,328,3,1692,248,Festive,14.7,Saturday
PROD_0136,Dell Inspiron 15,Laptop,Mid,78680,84881,84497,329,3.8,1153,317,Normal,0,Sunday
PROD_0138,Acer Aspire 3,Laptop,Budget,45131,48434,45473,270,3.2,2107,341,Normal,1.9,Monday
PROD_0141,MacBook Pro 14,Laptop,Premium,199587,200000,202997,307,4.2,732,391,Festive,8.4,Saturday
PROD_0145,Lenovo IdeaPad 5,Laptop,Mid,61502,65880,67375,374,3.4,1303,537,Normal,7,Wednesday
PROD_0159,HP Pavilion 15,Laptop,Budget,31315,33730,33620,369,3,1803,411,Normal,6.8,Tuesday
PROD_0168,Lenovo IdeaPad 5,Laptop,Mid,61502,65781,55125,433,4.1,852,458,Festive,9.1,Sunday
PROD_0190,HP Pavilion 15,Laptop,Budget,31315,34243,31479,413,3.4,2171,149,Normal,6,Saturday
PROD_0191,HP Pavilion 15,Laptop,Budget,31315,33986,28167,484,3,2274,220,Festive,13,Sunday
PROD_0208,Dell Inspiron 15,Laptop,Mid,78680,83833,73666,426,3.8,1120,529,Festive,13.1,Thursday
PROD_0215,Lenovo IdeaPad 5,Laptop,Mid,61502,68597,59790,471,4,438,599,Festive,9.2,Sunday
PROD_0225,HP Pavilion 15,Laptop,Budget,31315,32205,28484,361,2.6,2023,373,Normal,0.9,Monday
PROD_0226,MacBook Pro 14,Laptop,Premium,199587,200000,205966,211,3.8,631,365,Normal,0.5,Tuesday
PROD_0235,HP Pavilion 15,Laptop,Budget,31315,35072,31664,438,3.5,1784,292,Festive,9.7,Monday
PROD_0238,HP Pavilion 15,Laptop,Budget,31315,35072,31245,481,3.6,2333,367,Festive,12.9,Thursday
PROD_0240,Acer Aspire 3,Laptop,Budget,45131,50365,49623,329,3.1,2069,374,Festive,11.4,Friday
PROD_0246,Acer Aspire 3,Laptop,Budget,45131,48205,43569,301,3.7,1782,489,Normal,0,Saturday
PROD_0258,HP Pavilion 15,Laptop,Budget,31315,33382,30318,335,2.9,1876,582,Normal,6,Sunday
PROD_0262,Acer Aspire 3,Laptop,Budget,45131,50546,47198,335,3.2,2000,208,Festive,14.1,Wednesday
PROD_0269,HP Pavilion 15,Laptop,Budget,31315,33587,31550,447,3.8,2918,619,Normal,6.5,Sunday
PROD_0273,Acer Aspire 3,Laptop,Budget,45131,48613,47001,323,3.4,2360,341,Normal,0,Thursday
PROD_0274,MacBook Pro 14,Laptop,Premium,199587,200000,203822,234,4.5,864,314,Normal,0,Monday
PROD_0278,Acer Aspire 3,Laptop,Budget,45131,50011,46157,288,3,1311,469,Festive,14.1,Sunday
PROD_0282,Dell Inspiron 15,Laptop,Mid,78680,85507,75883,327,3.7,1055,155,Normal,0,Tuesday
PROD_0292,Lenovo IdeaPad 5,Laptop,Mid,61502,68882,64094,426,3.9,503,274,Festive,15.3,Tuesday
PROD_0294,HP Pavilion 15,Laptop,Budget,31315,33557,28859,447,3.1,2007,438,Festive,8.5,Monday
PROD_0297,HP Pavilion 15,Laptop,Budget,31315,33979,30150,396,3.3,2490,292,Normal,2.3,Saturday
PROD_0298,Acer Aspire 3,Laptop,Budget,45131,48098,44210,316,3.4,1855,559,Normal,0,Saturday
PROD_0299,Dell Inspiron 15,Laptop,Mid,78680,83628,81528,296,3.5,476,586,Normal,2.9,Friday
PROD_0309,Lenovo IdeaPad 5,Laptop,Mid,61502,66233,68520,405,3.6,1446,469,Normal,1.4,Thursday
PROD_0310,Lenovo IdeaPad 5,Laptop,Mid,61502,63783,56160,412,3.9,1081,276,Normal,8.1,Sunday
PROD_0311,Dell Inspiron 15,Laptop,Mid,78680,81443,70290,357,3.7,1406,233,Normal,0.5,Tuesday
PROD_0314,Dell Inspiron 15,Laptop,Mid,78680,83731,77443,310,3.5,668,581,Normal,0.6,Saturday
PROD_0320,Lenovo IdeaPad 5,Laptop,Mid,61502,68882,62638,505,4.1,1638,438,Festive,14.4,Sunday
PROD_0337,Dell Inspiron 15,Laptop,Mid,78680,85363,83586,318,3.7,703,178,Normal,3.3,Tuesday
PROD_0341,Acer Aspire 3,Laptop,Budget,45131,46480,40059,352,3.9,3050,330,Normal,2.9,Saturday
PROD_0347,HP Pavilion 15,Laptop,Budget,31315,34079,32546,423,3.3,1882,269,Normal,7.7,Thursday
PROD_0351,HP Pavilion 15,Laptop,Budget,31315,35072,33941,471,3.8,2482,251,Festive,14.2,Saturday
PROD_0353,Acer Aspire 3,Laptop,Budget,45131,49008,49534,235,3.2,1371,34,Normal,2,Monday
PROD_0355,HP Pavilion 15,Laptop,Budget,31315,34992,32641,455,3,1739,534,Festive,13.3,Thursday
PROD_0365,MacBook Pro 14,Laptop,Premium,199587,200000,210159,293,4.1,417,409,Festive,15.7,Wednesday
PROD_0370,Acer Aspire 3,Laptop,Budget,45131,48524,45275,332,3.4,2526,394,Normal,2.3,Thursday
PROD_0378,MacBook Pro 14,Laptop,Premium,199587,200000,214281,174,4,187,532,Normal,7,Friday
PROD_0384,Lenovo IdeaPad 5,Laptop,Mid,61502,65787,57953,481,4.2,1594,528,Festive,13.7,Tuesday
PROD_0386,HP Pavilion 15,Laptop,Budget,31315,33756,34043,399,3.7,2374,439,Normal,4.7,Tuesday
PROD_0397,MacBook Pro 14,Laptop,Premium,199587,200000,212846,234,4.1,849,255,Normal,4,Wednesday
PROD_0400,Acer Aspire 3,Laptop,Budget,45131,50325,46470,354,3.3,2123,429,Festive,14.9,Sunday
PROD_0402,MacBook Pro 14,Laptop,Premium,199587,200000,188965,207,4.2,524,449,Normal,6.3,Sunday
PROD_0403,Lenovo IdeaPad 5,Laptop,Mid,61502,64103,56088,448,4.4,903,226,Normal,2.3,Monday
PROD_0404,MacBook Pro 14,Laptop,Premium,199587,200000,220418,178,4.5,329,238,Normal,3.4,Tuesday
PROD_0409,Acer Aspire 3,Laptop,Budget,45131,48808,49574,373,3.8,3099,330,Normal,3.1,Thursday
PROD_0418,MacBook Pro 14,Laptop,Premium,199587,200000,213723,173,4,502,528,Normal,1.2,Thursday
PROD_0424,Lenovo IdeaPad 5,Laptop,Mid,61502,62861,56504,480,4.2,1888,678,Normal,6.2,Friday
PROD_0425,Lenovo IdeaPad 5,Laptop,Mid,61502,66414,59100,473,4,1604,512,Normal,2.1,Wednesday
PROD_0440,HP Pavilion 15,Laptop,Budget,31315,33761,30161,409,3.4,2698,451,Normal,1.7,Thursday
PROD_0444,MacBook Pro 14,Laptop,Premium,199587,200000,222775,162,4.1,50,220,Normal,0,Thursday
PROD_0445,Lenovo IdeaPad 5,Laptop,Mid,61502,62793,55898,332,3.1,708,478,Normal,3,Tuesday
PROD_0446,Lenovo IdeaPad 5,Laptop,Mid,61502,66497,58971,399,4.1,1114,374,Normal,7.8,Saturday
PROD_0451,MacBook Pro 14,Laptop,Premium,199587,200000,177849,267,4.2,50,374,Festive,11.5,Friday
PROD_0459,MacBook Pro 14,Laptop,Premium,199587,200000,222758,175,4.2,50,423,Normal,3.7,Tuesday
PROD_0462,Acer Aspire 3,Laptop,Budget,45131,49996,46563,376,3.5,2133,608,Festive,15.7,Saturday
PROD_0465,Acer Aspire 3,Laptop,Budget,45131,49947,45668,359,3.1,2167,604,Festive,8.1,Monday
PROD_0471,Dell Inspiron 15,Laptop,Mid,78680,84403,83171,294,3.5,1396,386,Normal,0.4,Saturday
PROD_0489,HP Pavilion 15,Laptop,Budget,31315,32438,27985,423,3.3,2364,317,Normal,0.9,Sunday
PROD_0491,MacBook Pro 14,Laptop,Premium,199587,200000,221013,165,3.7,354,367,Normal,0,Wednesday
PROD_0494,Dell Inspiron 15,Laptop,Mid,78680,83619,85100,339,3.7,1207,653,Normal,0,Friday
PROD_0496,MacBook Pro 14,Laptop,Premium,199587,200000,208555,309,4.5,735,338,Festive,12.1,Monday
PROD_0515,Dell Inspiron 15,Laptop,Mid,78680,84632,82695,358,4.5,2072,424,Normal,0,Monday
PROD_0519,Acer Aspire 3,Laptop,Budget,45131,49745,50387,286,3.1,1925,584,Festive,10.6,Tuesday
PROD_0529,HP Pavilion 15,Laptop,Budget,31315,33544,30024,388,3.5,2091,558,Normal,3.1,Monday
PROD_0541,Dell Inspiron 15,Laptop,Mid,78680,88121,83522,433,4.1,1692,262,Festive,12.4,Sunday
PROD_0542,Dell Inspiron 15,Laptop,Mid,78680,85082,83224,391,4.1,1241,359,Normal,3.2,Saturday
PROD_0545,HP Pavilion 15,Laptop,Budget,31315,33701,32750,322,2.7,1268,359,Normal,1.1,Thursday
PROD_0555,Lenovo IdeaPad 5,Laptop,Mid,61502,63559,56117,446,4.5,1420,400,Normal,0.8,Saturday
PROD_0556,Dell Inspiron 15,Laptop,Mid,78680,88121,80950,446,3.8,1855,404,Festive,15.4,Friday
PROD_0568,Acer Aspire 3,Laptop,Budget,45131,47970,40340,365,3.9,1884,489,Festive,9.2,Tuesday
PROD_0580,Lenovo IdeaPad 5,Laptop,Mid,61502,68153,60134,454,3.4,1309,718,Festive,10.7,Wednesday
PROD_0592,Lenovo IdeaPad 5,Laptop,Mid,61502,66738,60408,406,3.4,1285,306,Normal,1.4,Friday
PROD_0596,Lenovo IdeaPad 5,Laptop,Mid,61502,65988,59965,428,4.1,1644,583,Normal,0,Friday
PROD_0604,Acer Aspire 3,Laptop,Budget,45131,47581,49264,214,2.6,1768,635,Normal,6.8,Saturday
PROD_0605,MacBook Pro 14,Laptop,Premium,199587,200000,220806,179,4.1,346,297,Normal,5.2,Tuesday
PROD_0609,Acer Aspire 3,Laptop,Budget,45131,48365,45665,343,3.8,2343,481,Normal,4.6,Tuesday
PROD_0611,HP Pavilion 15,Laptop,Budget,31315,33853,33423,406,3.6,2790,388,Normal,2.3,Sunday
PROD_0614,Lenovo IdeaPad 5,Laptop,Mid,61502,66283,68070,414,3.9,1384,466,Normal,1.9,Sunday
PROD_0620,Dell Inspiron 15,Laptop,Mid,78680,80379,70013,344,4,1725,484,Normal,1.3,Thursday
PROD_0625,Dell Inspiron 15,Laptop,Mid,78680,80029,72103,324,3.6,1030,543,Normal,0,Monday
PROD_0626,Acer Aspire 3,Laptop,Budget,45131,48890,50126,336,4.2,2130,238,Normal,1.6,Friday
PROD_0637,Acer Aspire 3,Laptop,Budget,45131,48245,47309,292,3.5,2306,458,Normal,2.1,Wednesday
PROD_0638,Lenovo IdeaPad 5,Laptop,Mid,61502,66858,66353,454,3.9,2055,339,Normal,1.3,Monday
PROD_0641,Acer Aspire 3,Laptop,Budget,45131,50060,44294,345,3.2,1704,533,Festive,6.9,Tuesday
PROD_0642,Lenovo IdeaPad 5,Laptop,Mid,61502,66634,55821,464,4,808,227,Festive,5.1,Saturday
PROD_0643,HP Pavilion 15,Laptop,Budget,31315,32302,27786,382,3.1,2367,342,Normal,2.6,Sunday
PROD_0644,MacBook Pro 14,Laptop,Premium,199587,200000,220551,311,4.3,1280,238,Festive,17.5,Saturday
PROD_0655,Lenovo IdeaPad 5,Laptop,Mid,61502,67307,63908,444,4,2121,178,Normal,4.7,Sunday
PROD_0658,HP Pavilion 15,Laptop,Budget,31315,35071,34958,422,2.9,1818,434,Festive,10.2,Wednesday
PROD_0664,Acer Aspire 3,Laptop,Budget,45131,48118,49062,278,3,1535,493,Normal,0.5,Saturday
PROD_0690,Acer Aspire 3,Laptop,Budget,45131,48933,45192,320,3.5,1786,195,Normal,0,Friday
PROD_0703,Dell Inspiron 15,Laptop,Mid,78680,86624,80018,363,3.6,1048,725,Festive,9.2,Sunday
PROD_0705,MacBook Pro 14,Laptop,Premium,199587,200000,212902,270,4.6,156,716,Festive,8.5,Monday
PROD_0709,HP Pavilion 15,Laptop,Budget,31315,33416,27678,508,3.6,2445,620,Festive,12.2,Sunday
PROD_0714,HP Pavilion 15,Laptop,Budget,31315,33655,28334,527,4,2592,496,Festive,12.2,Sunday
PROD_0716,Lenovo IdeaPad 5,Laptop,Mid,61502,66728,66190,379,3.6,206,269,Normal,4.8,Friday
PROD_0722,Lenovo IdeaPad 5,Laptop,Mid,61502,63576,55553,393,4,642,315,Normal,5.2,Sunday
PROD_0725,HP Pavilion 15,Laptop,Budget,31315,32374,29354,407,3.5,2113,334,Normal,5,Tuesday
PROD_0726,MacBook Pro 14,Laptop,Premium,199587,200000,197305,370,5,1962,372,Festive,11.7,Monday
PROD_0739,Lenovo IdeaPad 5,Laptop,Mid,61502,65870,55093,395,3,661,372,Festive,9.9,Wednesday
PROD_0762,Acer Aspire 3,Laptop,Budget,45131,50439,44073,355,3.2,2001,380,Festive,11.9,Sunday
PROD_0763,MacBook Pro 14,Laptop,Premium,199587,200000,221752,256,4.6,966,462,Normal,6.9,Tuesday
PROD_0770,Lenovo IdeaPad 5,Laptop,Mid,61502,68627,66054,446,3.9,788,552,Festive,7.6,Thursday
PROD_0771,HP Pavilion 15,Laptop,Budget,31315,32063,29002,426,3.4,2702,561,Normal,6.8,Thursday
PROD_0772,Acer Aspire 3,Laptop,Budget,45131,48727,48418,326,3.7,2244,295,Normal,5.4,Wednesday
PROD_0781,Acer Aspire 3,Laptop,Budget,45131,47665,47258,216,2.6,1992,601,Normal,3.4,Wednesday
PROD_0783,Acer Aspire 3,Laptop,Budget,45131,48202,43328,300,3.2,2470,489,Normal,5.7,Wednesday
PROD_0798,MacBook Pro 14,Laptop,Premium,199587,200000,181337,188,4.5,643,466,Normal,3.3,Wednesday
PROD_0803,MacBook Pro 14,Laptop,Premium,199587,200000,180633,273,4.4,210,324,Festive,12.2,Sunday
PROD_0806,Dell Inspiron 15,Laptop,Mid,78680,88074,79618,388,3.8,848,394,Festive,12,Saturday
PROD_0811,HP Pavilion 15,Laptop,Budget,31315,34420,32207,449,3.9,1780,90,Normal,1.7,Wednesday
PROD_0812,Acer Aspire 3,Laptop,Budget,45131,46051,41505,242,2.9,1691,355,Normal,5.9,Thursday
PROD_0821,Lenovo IdeaPad 5,Laptop,Mid,61502,66342,62558,440,4.6,1788,486,Normal,2.1,Sunday
PROD_0822,MacBook Pro 14,Laptop,Premium,199587,200000,184061,224,4.3,761,277,Normal,3.3,Monday
PROD_0823,Dell Inspiron 15,Laptop,Mid,78680,84386,80913,355,4,1216,482,Normal,8.6,Thursday
PROD_0830,Lenovo IdeaPad 5,Laptop,Mid,61502,63914,55338,463,3.8,1444,310,Normal,0,Sunday
PROD_0831,Acer Aspire 3,Laptop,Budget,45131,50289,48533,358,3.2,2252,451,Festive,9.5,Friday
PROD_0834,MacBook Pro 14,Laptop,Premium,199587,200000,196938,309,4.4,520,454,Festive,14.6,Thursday
PROD_0837,MacBook Pro 14,Laptop,Premium,199587,200000,211590,220,4.1,962,264,Normal,2.5,Saturday
PROD_0846,Lenovo IdeaPad 5,Laptop,Mid,61502,67295,55254,512,4.2,1670,84,Festive,14.3,Sunday
PROD_0852,MacBook Pro 14,Laptop,Premium,199587,200000,213888,176,4.2,66,519,Normal,3.9,Tuesday
PROD_0856,Lenovo IdeaPad 5,Laptop,Mid,61502,68882,60360,521,4.3,610,378,Festive,11.3,Tuesday
PROD_0858,HP Pavilion 15,Laptop,Budget,31315,33567,32237,391,3,1580,548,Normal,0,Saturday
PROD_0860,Acer Aspire 3,Laptop,Budget,45131,50190,44416,326,3,1832,447,Festive,16.6,Saturday
PROD_0861,Lenovo IdeaPad 5,Laptop,Mid,61502,66234,56987,458,3.2,1414,348,Festive,13.7,Sunday
PROD_0863,Acer Aspire 3,Laptop,Budget,45131,49002,46748,273,3.2,1483,94,Normal,0,Saturday
PROD_0868,Lenovo IdeaPad 5,Laptop,Mid,61502,62655,57018,354,3.6,454,556,Normal,10,Monday
PROD_0869,MacBook Pro 14,Laptop,Premium,199587,200000,217129,283,4.2,265,321,Festive,19.4,Thursday
PROD_0870,MacBook Pro 14,Laptop,Premium,199587,200000,178170,256,4.8,895,406,Normal,3.3,Tuesday
PROD_0872,HP Pavilion 15,Laptop,Budget,31315,33852,30196,399,3.8,2636,378,Normal,4.5,Monday
PROD_0884,HP Pavilion 15,Laptop,Budget,31315,35072,32894,418,3.2,2031,172,Festive,7.5,Friday
PROD_0885,MacBook Pro 14,Laptop,Premium,199587,200000,207050,319,4.7,358,561,Festive,15,Thursday
PROD_0890,Dell Inspiron 15,Laptop,Mid,78680,84520,78442,329,3.8,506,409,Normal,2.7,Tuesday
PROD_0907,Dell Inspiron 15,Laptop,Mid,78680,83918,81483,307,3.8,433,529,Normal,1,Saturday
PROD_0911,HP Pavilion 15,Laptop,Budget,31315,33774,31096,382,3.4,1771,402,Normal,7.7,Wednesday
PROD_0917,Acer Aspire 3,Laptop,Budget,45131,46015,39737,278,3.7,1702,425,Normal,0,Monday
PROD_0921,HP Pavilion 15,Laptop,Budget,31315,35072,34092,493,3.3,2506,414,Festive,7.7,Monday
PROD_0927,Dell Inspiron 15,Laptop,Mid,78680,84360,81087,352,4.3,752,484,Normal,0,Thursday
PROD_0931,Acer Aspire 3,Laptop,Budget,45131,48548,50129,239,2.7,1510,244,Normal,3.8,Wednesday
PROD_0941,Acer Aspire 3,Laptop,Budget,45131,48566,46560,309,3.7,2162,341,Normal,0,Wednesday
PROD_0942,MacBook Pro 14,Laptop,Premium,199587,200000,199454,245,4.4,306,485,Normal,1.7,Tuesday
PROD_0946,Acer Aspire 3,Laptop,Budget,45131,45524,42194,269,3.1,1683,629,Normal,0,Tuesday
PROD_0963,Dell Inspiron 15,Laptop,Mid,78680,88121,77600,370,3.3,455,351,Festive,12.5,Friday
PROD_0969,Dell Inspiron 15,Laptop,Mid,78680,80371,72376,270,3.3,480,375,Normal,4.4,Wednesday
PROD_0973,Lenovo IdeaPad 5,Laptop,Mid,61502,67095,63645,368,3.4,786,133,Normal,0,Wednesday
PROD_0990,Acer Aspire 3,Laptop,Budget,45131,46096,42493,250,3.1,1786,347,Normal,3.7,Friday
PROD_0992,Dell Inspiron 15,Laptop,Mid,78680,80934,73398,338,3.8,1070,334,Normal,1.2,Saturday
PROD_1012,MacBook Pro 14,Laptop,Premium,199587,200000,218534,199,4.4,219,213,Normal,1.7,Tuesday
PROD_1016,Dell Inspiron 15,Laptop,Mid,78680,88121,79347,378,3.4,1195,274,Festive,9.3,Wednesday
PROD_1018,Acer Aspire 3,Laptop,Budget,45131,48266,49952,265,2.8,1649,408,Normal,3,Saturday
PROD_1027,MacBook Pro 14,Laptop,Premium,199587,200000,192256,209,4.4,375,230,Normal,8,Wednesday
PROD_1032,Lenovo IdeaPad 5,Laptop,Mid,61502,66631,68713,410,4.4,877,347,Normal,2.1,Sunday
PROD_1041,Lenovo IdeaPad 5,Laptop,Mid,61502,68642,59605,454,3.4,1117,559,Festive,4.6,Wednesday
PROD_1051,HP Pavilion 15,Laptop,Budget,31315,33906,31889,406,3.3,2338,354,Normal,0,Saturday
PROD_1064,Lenovo IdeaPad 5,Laptop,Mid,61502,65574,63678,417,4.2,980,701,Normal,5.5,Tuesday
PROD_1080,HP Pavilion 15,Laptop,Budget,31315,35072,31540,339,2.3,1351,244,Festive,15.4,Saturday
PROD_1093,HP Pavilion 15,Laptop,Budget,31315,32043,29141,396,3.1,2530,529,Normal,2.7,Wednesday
PROD_1100,Lenovo IdeaPad 5,Laptop,Mid,61502,67032,60168,395,3.4,849,194,Normal,0.4,Friday
PROD_1104,HP Pavilion 15,Laptop,Budget,31315,33200,27802,465,3.6,2370,693,Festive,9.6,Thursday
PROD_1109,Lenovo IdeaPad 5,Laptop,Mid,61502,66662,60030,382,3.8,648,295,Normal,5.3,Monday
PROD_1112,Dell Inspiron 15,Laptop,Mid,78680,86528,80930,370,3.8,748,760,Festive,13.2,Tuesday
PROD_1117,Dell Inspiron 15,Laptop,Mid,78680,80603,74103,328,3.6,964,403,Normal,5.3,Wednesday
PROD_1122,HP Pavilion 15,Laptop,Budget,31315,32008,29669,320,2.8,1665,437,Normal,6.3,Sunday
PROD_1125,Acer Aspire 3,Laptop,Budget,45131,48085,49874,237,3,1977,446,Normal,2.7,Thursday
PROD_1148,Dell Inspiron 15,Laptop,Mid,78680,81178,71851,316,3.8,1101,239,Normal,8.4,Tuesday
PROD_1150,Acer Aspire 3,Laptop,Budget,45131,48057,39871,400,3.7,1868,503,Festive,12.9,Thursday
PROD_1151,HP Pavilion 15,Laptop,Budget,31315,33664,29259,425,2.6,1401,337,Festive,12.3,Tuesday
PROD_1156,Lenovo IdeaPad 5,Laptop,Mid,61502,63076,54950,354,3.5,1018,419,Normal,2.7,Saturday
PROD_1172,Dell Inspiron 15,Laptop,Mid,78680,84606,84567,377,4,1805,459,Normal,1.5,Wednesday
PROD_1173,Acer Aspire 3,Laptop,Budget,45131,48276,47933,298,3.4,2084,453,Normal,5.1,Thursday
PROD_1180,Dell Inspiron 15,Laptop,Mid,78680,80497,70542,356,3.8,1589,472,Normal,0,Friday
PROD_1184,MacBook Pro 14,Laptop,Premium,199587,200000,178992,189,4.3,293,524,Normal,0.6,Wednesday
PROD_1197,MacBook Pro 14,Laptop,Premium,199587,200000,184653,206,4.4,409,208,Normal,3.8,Monday
PROD_1211,Lenovo IdeaPad 5,Laptop,Mid,61502,68882,64444,459,3.6,1337,310,Festive,8.9,Wednesday
PROD_1214,Lenovo IdeaPad 5,Laptop,Mid,61502,68882,68646,482,3.4,1787,506,Festive,12.7,Wednesday
PROD_1215,HP Pavilion 15,Laptop,Budget,31315,33846,31318,374,3.1,2016,344,Normal,0,Friday
PROD_1221,MacBook Pro 14,Laptop,Premium,199587,200000,213996,278,5,1031,419,Normal,7.8,Monday
PROD_1237,Lenovo IdeaPad 5,Laptop,Mid,61502,68882,58825,468,4.1,1159,352,Festive,11.1,Tuesday
PROD_1242,HP Pavilion 15,Laptop,Budget,31315,33689,34644,341,2.9,1712,395,Normal,6.2,Saturday
PROD_1248,HP Pavilion 15,Laptop,Budget,31315,34003,32175,428,3.5,2493,325,Normal,0,Monday
PROD_1258,Dell Inspiron 15,Laptop,Mid,78680,82891,74181,375,3.3,988,692,Festive,9.9,Sunday
PROD_1260,HP Pavilion 15,Laptop,Budget,31315,35072,33031,415,2.7,1892,385,Festive,14,Tuesday
PROD_1273,Acer Aspire 3,Laptop,Budget,45131,50430,43718,347,3.1,1743,372,Festive,15.2,Saturday
PROD_1276,Dell Inspiron 15,Laptop,Mid,78680,88121,76468,389,3.6,560,118,Festive,11.3,Tuesday
PROD_1285,Dell Inspiron 15,Laptop,Mid,78680,84167,79385,304,3.9,989,461,Normal,5.5,Thursday
PROD_1287,Acer Aspire 3,Laptop,Budget,45131,50097,46247,336,3.2,1898,503,Festive,10.4,Sunday
PROD_1290,Acer Aspire 3,Laptop,Budget,45131,48035,41750,326,3.2,1550,402,Festive,8.8,Friday
PROD_1291,Lenovo IdeaPad 5,Laptop,Mid,61502,66291,66132,389,3.3,816,426,Normal,2.5,Saturday
PROD_1292,Lenovo IdeaPad 5,Laptop,Mid,61502,66063,61041,389,3.7,1054,500,Normal,0.8,Thursday
PROD_1312,MacBook Pro 14,Laptop,Premium,199587,200000,192006,176,4.4,50,365,Normal,3.6,Sunday
PROD_1318,Dell Inspiron 15,Laptop,Mid,78680,83493,74604,303,2.8,793,431,Festive,6.9,Thursday
PROD_1319,MacBook Pro 14,Laptop,Premium,199587,200000,181819,225,4.7,524,527,Normal,6.5,Wednesday
PROD_1323,Dell Inspiron 15,Laptop,Mid,78680,85464,82922,331,3.7,1219,172,Normal,1.3,Friday
PROD_1337,HP Pavilion 15,Laptop,Budget,31315,35072,33463,484,3.3,2293,427,Festive,14.9,Saturday
PROD_1356,Lenovo IdeaPad 5,Laptop,Mid,61502,63736,54840,491,4.8,1702,410,Normal,3.1,Monday
PROD_1361,Acer Aspire 3,Laptop,Budget,45131,48944,43038,282,3.2,2045,133,Normal,0,Sunday
PROD_1363,Acer Aspire 3,Laptop,Budget,45131,46201,42103,323,3.3,2293,410,Normal,4.7,Monday
PROD_1367,MacBook Pro 14,Laptop,Premium,199587,200000,218511,282,4.1,249,277,Festive,15,Sunday
PROD_1374,Lenovo IdeaPad 5,Laptop,Mid,61502,65962,56065,515,4.2,1585,522,Festive,12.7,Saturday
PROD_1377,HP Pavilion 15,Laptop,Budget,31315,33548,32746,371,3.2,2209,530,Normal,0,Monday
PROD_1378,Dell Inspiron 15,Laptop,Mid,78680,84555,72746,407,3.6,1279,317,Festive,8.6,Thursday
PROD_1379,Acer Aspire 3,Laptop,Budget,45131,48155,41990,313,2.7,2126,329,Festive,13.9,Thursday
PROD_1386,HP Pavilion 15,Laptop,Budget,31315,35072,33498,452,3.5,2489,451,Festive,10.9,Wednesday
PROD_1388,Dell Inspiron 15,Laptop,Mid,78680,81178,74573,314,3.6,1167,236,Normal,0.8,Friday
PROD_1395,Dell Inspiron 15,Laptop,Mid,78680,88121,77046,357,3.5,972,288,Festive,12.6,Tuesday
PROD_1403,MacBook Pro 14,Laptop,Premium,199587,200000,214891,216,4.1,551,311,Normal,0,Saturday
PROD_1420,Acer Aspire 3,Laptop,Budget,45131,46003,42260,303,3.4,2104,468,Normal,6.7,Monday
PROD_1421,Dell Inspiron 15,Laptop,Mid,78680,83227,73774,402,3.9,797,647,Festive,9.7,Monday
PROD_1426,Dell Inspiron 15,Laptop,Mid,78680,83971,78993,336,3.7,1178,559,Normal,2.7,Tuesday
PROD_1429,Lenovo IdeaPad 5,Laptop,Mid,61502,68882,68627,479,3.8,1538,229,Festive,11.1,Sunday
PROD_1436,MacBook Pro 14,Laptop,Premium,199587,200000,214999,181,4.1,367,346,Normal,3.9,Saturday
PROD_1449,Lenovo IdeaPad 5,Laptop,Mid,61502,62784,56072,362,3.6,867,526,Normal,6.9,Sunday
PROD_1457,Lenovo IdeaPad 5,Laptop,Mid,61502,63517,55061,331,3.1,681,241,Normal,2.1,Tuesday
PROD_1480,Dell Inspiron 15,Laptop,Mid,78680,88121,79293,395,4,1053,294,Festive,12.1,Tuesday
PROD_1487,MacBook Pro 14,Laptop,Premium,199587,200000,194769,274,4.1,766,338,Festive,17.5,Thursday
PROD_1492,HP Pavilion 15,Laptop,Budget,31315,32280,28215,325,3.2,1637,271,Normal,5.1,Friday
PROD_1502,Lenovo IdeaPad 5,Laptop,Mid,61502,68882,59352,433,3.2,1562,363,Festive,13.5,Sunday
PROD_1510,Acer Aspire 3,Laptop,Budget,45131,46047,42412,302,3.3,2173,447,Normal,4.6,Friday
PROD_1516,Lenovo IdeaPad 5,Laptop,Mid,61502,68882,61666,486,3.9,1649,490,Festive,14.2,Wednesday
PROD_1520,MacBook Pro 14,Laptop,Premium,199587,200000,195330,266,4.2,239,288,Festive,10.2,Tuesday
PROD_1522,Dell Inspiron 15,Laptop,Mid,78680,84962,84908,374,4.4,1651,364,Normal,7.4,Sunday
PROD_1527,HP Pavilion 15,Laptop,Budget,31315,35072,31689,426,2.9,2083,363,Festive,14.4,Wednesday
PROD_1532,Lenovo IdeaPad 5,Laptop,Mid,61502,68605,60183,448,3.8,843,562,Festive,11,Monday
PROD_1547,HP Pavilion 15,Laptop,Budget,31315,33676,27937,458,3.5,2062,379,Festive,4.8,Wednesday
PROD_1559,HP Pavilion 15,Laptop,Budget,31315,35021,33110,393,2.9,1784,422,Festive,12.3,Friday
PROD_1575,Lenovo IdeaPad 5,Laptop,Mid,61502,63820,55304,388,3.6,1330,228,Normal,0.8,Wednesday
PROD_1585,Acer Aspire 3,Laptop,Budget,45131,45879,41884,295,3.2,2024,511,Normal,5.4,Thursday
PROD_1612,MacBook Pro 14,Laptop,Premium,199587,200000,214338,237,4.4,864,434,Normal,4.1,Thursday
PROD_1614,MacBook Pro 14,Laptop,Premium,199587,200000,190082,207,4.5,630,457,Normal,2.6,Friday
PROD_1618,Dell Inspiron 15,Laptop,Mid,78680,87895,76564,447,4.3,1193,528,Festive,7.4,Thursday
PROD_1620,MacBook Pro 14,Laptop,Premium,199587,200000,189787,269,4.5,423,322,Festive,9.5,Wednesday
PROD_1625,Dell Inspiron 15,Laptop,Mid,78680,80147,74740,272,3.4,751,435,Normal,5.7,Thursday
PROD_1628,MacBook Pro 14,Laptop,Premium,199587,200000,215156,253,4.3,598,300,Normal,2.5,Tuesday
PROD_1638,HP Pavilion 15,Laptop,Budget,31315,35072,30527,480,3.9,2103,316,Festive,11.4,Thursday
PROD_1641,HP Pavilion 15,Laptop,Budget,31315,34156,30972,396,3.5,2708,179,Normal,0,Thursday
PROD_1656,HP Pavilion 15,Laptop,Budget,31315,32169,29509,416,3.8,2048,478,Normal,0.9,Saturday
PROD_1657,Dell Inspiron 15,Laptop,Mid,78680,88121,87503,427,4.2,905,175,Festive,10.5,Saturday
PROD_1669,HP Pavilion 15,Laptop,Budget,31315,33504,29410,407,3.4,1734,412,Festive,14.6,Sunday
PROD_1671,HP Pavilion 15,Laptop,Budget,31315,35072,33034,499,3.7,2843,364,Festive,12.3,Friday
PROD_1672,HP Pavilion 15,Laptop,Budget,31315,35072,33679,494,3.8,2815,349,Festive,8.2,Wednesday
PROD_1673,MacBook Pro 14,Laptop,Premium,199587,200000,185198,273,4.4,778,552,Festive,10.1,Sunday
PROD_1681,Dell Inspiron 15,Laptop,Mid,78680,85163,82137,358,3.8,1289,289,Normal,0,Thursday
PROD_1686,Dell Inspiron 15,Laptop,Mid,78680,85826,77282,387,4,1569,164,Normal,4.4,Sunday
PROD_1687,HP Pavilion 15,Laptop,Budget,31315,32499,28419,417,3.6,2050,269,Normal,6.3,Tuesday
PROD_1694,Acer Aspire 3,Laptop,Budget,45131,48918,47930,339,3.9,2959,230,Normal,0,Friday
PROD_1700,Lenovo IdeaPad 5,Laptop,Mid,61502,66231,57979,488,4.3,812,394,Festive,17.9,Friday
PROD_1709,HP Pavilion 15,Laptop,Budget,31315,35072,32800,472,3.8,1957,278,Festive,10.5,Tuesday
PROD_1713,MacBook Pro 14,Laptop,Premium,199587,200000,177542,285,4.6,736,273,Festive,5.2,Friday
PROD_1723,Dell Inspiron 15,Laptop,Mid,78680,88121,75021,421,4,1534,420,Festive,8,Friday
PROD_1731,MacBook Pro 14,Laptop,Premium,199587,200000,192654,176,4.4,50,347,Normal,7.4,Tuesday
PROD_1736,Acer Aspire 3,Laptop,Budget,45131,47753,42336,370,3.1,2423,593,Festive,12.9,Thursday
PROD_1738,HP Pavilion 15,Laptop,Budget,31315,33641,34290,338,2.8,1679,421,Normal,3.1,Friday
PROD_1750,MacBook Pro 14,Laptop,Premium,199587,200000,181784,266,4.6,810,599,Normal,1.4,Wednesday
PROD_1759,Dell Inspiron 15,Laptop,Mid,78680,85251,75439,363,3.9,1516,274,Normal,0,Saturday
PROD_1761,Lenovo IdeaPad 5,Laptop,Mid,61502,64157,57794,437,3.8,1211,192,Normal,4.7,Saturday
PROD_1768,Lenovo IdeaPad 5,Laptop,Mid,61502,66397,57765,464,3.5,758,304,Festive,14.5,Monday
PROD_1773,HP Pavilion 15,Laptop,Budget,31315,35072,31775,530,4,2771,518,Festive,9,Tuesday
PROD_1777,Acer Aspire 3,Laptop,Budget,45131,45789,41346,276,3.5,2446,522,Normal,2.2,Sunday
PROD_1788,Acer Aspire 3,Laptop,Budget,45131,48109,48087,288,2.9,1821,512,Normal,4.5,Tuesday
PROD_1790,Lenovo IdeaPad 5,Laptop,Mid,61502,65713,56234,491,4,1413,567,Festive,9.7,Sunday
PROD_0004,Samsung Galaxy A35,Mobile Phone,Mid,30534,30869,28561,315,3.3,1261,653,Normal,0,Wednesday
PROD_0006,Redmi Note 13,Mobile Phone,Budget,11858,12645,12130,329,3.1,2173,565,Normal,0,Tuesday
PROD_0007,iPhone 16,Mobile Phone,Premium,89612,99375,90305,292,3.8,468,459,Festive,10.3,Thursday
PROD_0035,iPhone 16,Mobile Phone,Premium,89612,94719,85877,262,4.5,50,653,Normal,0,Wednesday
PROD_0046,Redmi Note 13,Mobile Phone,Budget,11858,12864,11375,301,2.8,1746,154,Normal,0,Tuesday
PROD_0051,iPhone 16,Mobile Phone,Premium,89612,95745,95939,274,4.8,426,442,Normal,0,Sunday
PROD_0058,Realme C55,Mobile Phone,Budget,12494,13915,13889,394,3.7,2112,516,Festive,12.4,Monday
PROD_0061,Samsung Galaxy A35,Mobile Phone,Mid,30534,33046,31210,373,4.5,615,314,Normal,0,Thursday
PROD_0072,Samsung Galaxy A35,Mobile Phone,Mid,30534,32502,30023,281,3.8,571,532,Normal,1.2,Friday
PROD_0073,Redmi Note 13,Mobile Phone,Budget,11858,12761,13123,327,3.4,2459,367,Normal,3.7,Thursday
PROD_0079,OnePlus Nord CE4,Mobile Phone,Mid,52999,55000,56064,135,3.8,1311,238,Normal,6.7,Saturday
PROD_0080,Redmi Note 13,Mobile Phone,Budget,11858,12059,11050,346,3.3,2232,579,Normal,9.8,Saturday
PROD_0085,Realme C55,Mobile Phone,Budget,12494,12756,11125,320,3.3,2550,459,Normal,1.9,Wednesday
PROD_0093,OnePlus Nord CE4,Mobile Phone,Mid,52999,53560,48936,178,4.5,1659,455,Normal,7,Monday
PROD_0099,OnePlus Nord CE4,Mobile Phone,Mid,52999,55000,56286,169,3.1,918,419,Festive,9.8,Sunday
PROD_0100,OnePlus Nord CE4,Mobile Phone,Mid,52999,53857,47034,168,4.1,1483,328,Normal,2.8,Saturday
PROD_0101,OnePlus Nord CE4,Mobile Phone,Mid,52999,55000,52359,118,3.5,1369,279,Normal,1.9,Tuesday
PROD_0120,Redmi Note 13,Mobile Phone,Budget,11858,12825,12782,368,3.4,2984,320,Normal,7.8,Friday
PROD_0129,iPhone 16,Mobile Phone,Premium,89612,95730,91894,261,4.3,1080,426,Normal,1.8,Monday
PROD_0140,Samsung Galaxy A35,Mobile Phone,Mid,30534,32704,33060,352,3.9,1080,506,Normal,0,Thursday
PROD_0143,Realme C55,Mobile Phone,Budget,12494,12861,11223,352,3.4,1905,339,Normal,0,Thursday
PROD_0155,OnePlus Nord CE4,Mobile Phone,Mid,52999,52851,49272,39,2.9,433,514,Normal,2.5,Saturday
PROD_0156,Redmi Note 13,Mobile Phone,Budget,11858,12777,12788,439,3.8,3134,507,Normal,0,Sunday
PROD_0160,Redmi Note 13,Mobile Phone,Budget,11858,13280,11684,385,3.4,2533,338,Festive,10.1,Tuesday
PROD_0162,Redmi Note 13,Mobile Phone,Budget,11858,13256,11347,373,3,2104,401,Festive,4.8,Friday
PROD_0174,Redmi Note 13,Mobile Phone,Budget,11858,12241,11017,381,3.6,2613,325,Normal,7.1,Saturday
PROD_0186,Realme C55,Mobile Phone,Budget,12494,13471,11963,378,3.8,2689,402,Normal,0.8,Wednesday
PROD_0195,Redmi Note 13,Mobile Phone,Budget,11858,12213,10738,329,3.4,2515,294,Normal,7.8,Wednesday
PROD_0202,Samsung Galaxy A35,Mobile Phone,Mid,30534,32672,29102,324,3.6,1499,485,Normal,0,Saturday
PROD_0204,OnePlus Nord CE4,Mobile Phone,Mid,52999,55000,51693,86,4.2,1065,279,Normal,0.3,Monday
PROD_0212,Realme C55,Mobile Phone,Budget,12494,13758,12252,361,2.9,2078,718,Festive,15.1,Monday
PROD_0220,OnePlus Nord CE4,Mobile Phone,Mid,52999,53282,48232,140,4.2,1130,503,Normal,0.9,Saturday
PROD_0223,iPhone 16,Mobile Phone,Premium,89612,91713,81256,258,4.2,778,318,Normal,5.3,Monday
PROD_0224,Realme C55,Mobile Phone,Budget,12494,13380,12400,249,2.6,2033,354,Normal,6.9,Thursday
PROD_0229,OnePlus Nord CE4,Mobile Phone,Mid,52999,55000,56878,267,4.5,2198,644,Festive,12,Tuesday
PROD_0232,OnePlus Nord CE4,Mobile Phone,Mid,52999,55000,55068,116,3.6,1467,488,Normal,10.7,Tuesday
PROD_0233,Realme C55,Mobile Phone,Budget,12494,13755,12062,384,3,2379,757,Festive,8.7,Friday
PROD_0243,Samsung Galaxy A35,Mobile Phone,Mid,30534,32823,27098,399,3.6,824,299,Festive,10,Saturday
PROD_0245,iPhone 16,Mobile Phone,Premium,89612,92351,84028,269,4.4,546,192,Normal,5.6,Friday
PROD_0256,iPhone 16,Mobile Phone,Premium,89612,90653,81063,235,4.2,932,520,Normal,3.7,Sunday
PROD_0263,Redmi Note 13,Mobile Phone,Budget,11858,12719,12492,347,3.3,2059,467,Normal,7.7,Saturday
PROD_0284,iPhone 16,Mobile Phone,Premium,89612,96662,97503,297,4.7,868,272,Normal,6.6,Saturday
PROD_0286,iPhone 16,Mobile Phone,Premium,89612,95629,86239,244,4.1,550,423,Normal,6.1,Sunday
PROD_0288,iPhone 16,Mobile Phone,Premium,89612,95602,93797,306,4.7,1055,522,Normal,1.4,Tuesday
PROD_0293,Redmi Note 13,Mobile Phone,Budget,11858,12588,13090,305,2.9,1650,625,Normal,0,Saturday
PROD_0295,iPhone 16,Mobile Phone,Premium,89612,94740,83398,353,4.6,1026,585,Festive,9.1,Tuesday
PROD_0296,Realme C55,Mobile Phone,Budget,12494,13300,13243,385,3.7,2439,686,Normal,3.9,Monday
PROD_0315,Samsung Galaxy A35,Mobile Phone,Mid,30534,32463,28189,372,3.9,687,494,Festive,8.5,Tuesday
PROD_0322,iPhone 16,Mobile Phone,Premium,89612,95407,79534,337,4.1,584,412,Festive,10.6,Friday
PROD_0323,OnePlus Nord CE4,Mobile Phone,Mid,52999,54073,48183,145,4,1724,212,Normal,5.8,Tuesday
PROD_0325,iPhone 16,Mobile Phone,Premium,89612,96798,93421,234,4.1,426,147,Normal,0,Wednesday
PROD_0336,iPhone 16,Mobile Phone,Premium,89612,95454,98364,248,4.1,699,468,Normal,8.1,Friday
PROD_0349,Samsung Galaxy A35,Mobile Phone,Mid,30534,32826,29791,335,4.3,1529,401,Normal,0.7,Monday
PROD_0366,Samsung Galaxy A35,Mobile Phone,Mid,30534,34198,29465,424,4.1,1932,241,Festive,10.6,Thursday
PROD_0375,OnePlus Nord CE4,Mobile Phone,Mid,52999,55000,54248,84,3.5,396,387,Normal,1.3,Saturday
PROD_0376,Realme C55,Mobile Phone,Budget,12494,13293,12601,325,3.6,2755,608,Normal,5.3,Friday
PROD_0377,iPhone 16,Mobile Phone,Premium,89612,96554,98995,247,4.1,50,221,Normal,3.5,Friday
PROD_0387,OnePlus Nord CE4,Mobile Phone,Mid,52999,55000,57321,179,4.4,1220,256,Normal,8.3,Sunday
PROD_0401,Realme C55,Mobile Phone,Budget,12494,13419,13933,292,3.3,2325,357,Normal,6.2,Monday
PROD_0405,Realme C55,Mobile Phone,Budget,12494,13962,13634,391,3.4,2485,435,Festive,13.5,Wednesday
PROD_0406,Redmi Note 13,Mobile Phone,Budget,11858,12755,12732,311,3,1852,353,Normal,4.7,Tuesday
PROD_0407,iPhone 16,Mobile Phone,Premium,89612,96180,78887,320,4.3,1203,214,Festive,12.1,Monday
PROD_0410,Redmi Note 13,Mobile Phone,Budget,11858,12799,12518,403,3.7,2706,417,Normal,5.2,Thursday
PROD_0412,Redmi Note 13,Mobile Phone,Budget,11858,12209,11208,330,3.1,2742,302,Normal,0.5,Friday
PROD_0422,Samsung Galaxy A35,Mobile Phone,Mid,30534,34198,29405,401,3.7,1127,179,Festive,14.1,Monday
PROD_0447,OnePlus Nord CE4,Mobile Phone,Mid,52999,53578,47508,107,3.5,1781,342,Normal,4.5,Thursday
PROD_0448,OnePlus Nord CE4,Mobile Phone,Mid,52999,55000,51530,105,3.7,752,404,Normal,4.6,Sunday
PROD_0452,Samsung Galaxy A35,Mobile Phone,Mid,30534,32800,30990,317,3.3,757,391,Normal,0,Sunday
PROD_0455,iPhone 16,Mobile Phone,Premium,89612,95956,85268,286,4.6,1143,413,Normal,4.7,Sunday
PROD_0456,Samsung Galaxy A35,Mobile Phone,Mid,30534,34198,30158,362,3.4,461,267,Festive,7.4,Monday
PROD_0463,OnePlus Nord CE4,Mobile Phone,Mid,52999,53184,49030,118,3.9,623,507,Normal,4.9,Tuesday
PROD_0467,Redmi Note 13,Mobile Phone,Budget,11858,12731,11098,361,3.3,2087,268,Festive,10.1,Sunday
PROD_0482,OnePlus Nord CE4,Mobile Phone,Mid,52999,55000,57059,136,3.9,1455,233,Normal,0,Thursday
PROD_0484,iPhone 16,Mobile Phone,Premium,89612,90640,78868,241,4,172,532,Normal,3.2,Wednesday
PROD_0508,iPhone 16,Mobile Phone,Premium,89612,99166,92938,325,4.1,905,555,Festive,11.9,Wednesday
PROD_0517,iPhone 16,Mobile Phone,Premium,89612,100365,92187,347,4.3,822,270,Festive,14,Monday
PROD_0521,OnePlus Nord CE4,Mobile Phone,Mid,52999,55000,58787,163,4.1,1857,538,Normal,4.2,Friday
PROD_0523,OnePlus Nord CE4,Mobile Phone,Mid,52999,53707,48747,71,3.5,1080,239,Normal,5.8,Monday
PROD_0526,Realme C55,Mobile Phone,Budget,12494,12875,11571,308,3.3,2377,252,Normal,1.1,Monday
PROD_0538,Redmi Note 13,Mobile Phone,Budget,11858,12168,10460,321,3.5,1525,357,Normal,1.4,Sunday
PROD_0543,Redmi Note 13,Mobile Phone,Budget,11858,13280,12818,391,3.6,2105,335,Festive,8.9,Friday
PROD_0547,Redmi Note 13,Mobile Phone,Budget,11858,13280,13170,395,3.7,1629,247,Festive,8.6,Monday
PROD_0558,iPhone 16,Mobile Phone,Premium,89612,97013,95080,274,4.5,50,159,Normal,4.7,Sunday
PROD_0574,Samsung Galaxy A35,Mobile Phone,Mid,30534,32322,28327,355,3.4,1161,561,Festive,10,Friday
PROD_0577,Redmi Note 13,Mobile Phone,Budget,11858,12798,12642,319,3.3,1883,293,Normal,0,Monday
PROD_0581,Realme C55,Mobile Phone,Budget,12494,12898,11403,335,3.5,2666,255,Normal,5.7,Sunday
PROD_0583,OnePlus Nord CE4,Mobile Phone,Mid,52999,55000,49528,207,3.6,1181,361,Festive,8.4,Sunday
PROD_0584,Redmi Note 13,Mobile Phone,Budget,11858,12219,11211,318,3.6,1441,268,Normal,2.1,Tuesday
PROD_0588,Samsung Galaxy A35,Mobile Phone,Mid,30534,32779,29114,357,3.9,1171,465,Normal,0,Monday
PROD_0591,Realme C55,Mobile Phone,Budget,12494,12639,11560,255,2.7,1719,550,Normal,5.5,Monday
PROD_0594,iPhone 16,Mobile Phone,Premium,89612,91684,83776,287,4.7,878,368,Normal,0,Thursday
PROD_0599,Realme C55,Mobile Phone,Budget,12494,13377,11169,342,2.7,2168,298,Festive,10.4,Friday
PROD_0602,OnePlus Nord CE4,Mobile Phone,Mid,52999,55000,51257,132,4.5,526,457,Normal,4.1,Tuesday
PROD_0610,Samsung Galaxy A35,Mobile Phone,Mid,30534,32588,33237,305,3.4,896,512,Normal,0,Tuesday
PROD_0612,Redmi Note 13,Mobile Phone,Budget,11858,12668,13032,253,2.8,1625,412,Normal,3.9,Monday
PROD_0613,Realme C55,Mobile Phone,Budget,12494,13222,11227,347,3.2,1566,554,Festive,5.7,Tuesday
PROD_0615,Samsung Galaxy A35,Mobile Phone,Mid,30534,32908,33841,327,3.7,1156,335,Normal,2.7,Thursday
PROD_0621,Samsung Galaxy A35,Mobile Phone,Mid,30534,32630,33877,351,4.4,1184,553,Normal,0.2,Thursday
PROD_0634,iPhone 16,Mobile Phone,Premium,89612,100092,95244,372,4.8,405,419,Festive,4.9,Friday
PROD_0646,OnePlus Nord CE4,Mobile Phone,Mid,52999,55000,48549,172,3,909,286,Festive,13.1,Monday
PROD_0653,iPhone 16,Mobile Phone,Premium,89612,90810,84640,191,3.8,50,419,Normal,0,Monday
PROD_0660,Redmi Note 13,Mobile Phone,Budget,11858,12718,11332,314,3.3,1976,420,Normal,5.8,Tuesday
PROD_0661,Samsung Galaxy A35,Mobile Phone,Mid,30534,31302,26955,291,4.1,962,333,Normal,1.5,Friday
PROD_0668,OnePlus Nord CE4,Mobile Phone,Mid,52999,52747,47431,142,4.1,1483,708,Normal,8.1,Wednesday
PROD_0670,Samsung Galaxy A35,Mobile Phone,Mid,30534,34014,32773,441,4.1,1731,582,Festive,9.8,Saturday
PROD_0680,Realme C55,Mobile Phone,Budget,12494,13941,13607,395,3.2,1863,475,Festive,15.2,Friday
PROD_0683,iPhone 16,Mobile Phone,Premium,89612,96942,88256,264,4.1,753,160,Normal,3.6,Monday
PROD_0684,iPhone 16,Mobile Phone,Premium,89612,100096,86694,328,4.4,590,352,Festive,14.6,Sunday
PROD_0688,Samsung Galaxy A35,Mobile Phone,Mid,30534,32866,27842,412,3.8,1071,290,Festive,12.8,Friday
PROD_0700,Samsung Galaxy A35,Mobile Phone,Mid,30534,34198,29158,403,3.8,1555,203,Festive,12.7,Wednesday
PROD_0706,OnePlus Nord CE4,Mobile Phone,Mid,52999,55000,51756,113,3.2,826,222,Normal,4.4,Friday
PROD_0710,Redmi Note 13,Mobile Phone,Budget,11858,12895,13037,399,3.9,3049,249,Normal,3.2,Friday
PROD_0713,Samsung Galaxy A35,Mobile Phone,Mid,30534,33972,32512,375,3.4,1182,510,Festive,8.6,Monday
PROD_0724,Samsung Galaxy A35,Mobile Phone,Mid,30534,32679,27969,400,4.2,1193,395,Festive,10.5,Wednesday
PROD_0736,Samsung Galaxy A35,Mobile Phone,Mid,30534,32556,30452,316,4.1,1372,549,Normal,6,Thursday
PROD_0744,iPhone 16,Mobile Phone,Premium,89612,95085,94814,215,3.9,64,501,Normal,0,Monday
PROD_0747,Redmi Note 13,Mobile Phone,Budget,11858,12661,12310,285,3.2,1977,472,Normal,0.7,Tuesday
PROD_0748,Realme C55,Mobile Phone,Budget,12494,13378,13786,302,2.9,1713,437,Normal,7.8,Sunday
PROD_0751,Samsung Galaxy A35,Mobile Phone,Mid,30534,32920,30184,395,4,1726,429,Normal,2.6,Sunday
PROD_0757,Samsung Galaxy A35,Mobile Phone,Mid,30534,34198,31742,416,3.8,796,289,Festive,7.6,Tuesday
PROD_0759,iPhone 16,Mobile Phone,Premium,89612,96030,89559,275,4.2,912,380,Normal,0,Tuesday
PROD_0787,Samsung Galaxy A35,Mobile Phone,Mid,30534,32993,31080,354,4,1379,320,Normal,0,Sunday
PROD_0788,Realme C55,Mobile Phone,Budget,12494,13946,13822,315,2.8,1632,348,Festive,17.3,Wednesday
PROD_0789,Samsung Galaxy A35,Mobile Phone,Mid,30534,34175,32561,383,3.7,1070,389,Festive,11.6,Monday
PROD_0791,iPhone 16,Mobile Phone,Premium,89612,100365,92633,353,4.2,791,168,Festive,6.4,Sunday
PROD_0795,iPhone 16,Mobile Phone,Premium,89612,96543,80511,308,4,376,115,Festive,13.7,Wednesday
PROD_0797,Samsung Galaxy A35,Mobile Phone,Mid,30534,33732,29776,368,3.5,480,657,Festive,12.5,Wednesday
PROD_0804,Samsung Galaxy A35,Mobile Phone,Mid,30534,31478,27938,353,3.7,1831,311,Normal,2.7,Tuesday
PROD_0807,OnePlus Nord CE4,Mobile Phone,Mid,52999,53632,46984,154,3.8,1676,392,Normal,5,Saturday
PROD_0814,iPhone 16,Mobile Phone,Premium,89612,96102,93163,253,4.5,396,331,Normal,1.8,Friday
PROD_0820,OnePlus Nord CE4,Mobile Phone,Mid,52999,55000,46779,246,4.3,1424,447,Festive,15.5,Tuesday
PROD_0827,Realme C55,Mobile Phone,Budget,12494,13235,13493,283,3.2,2303,637,Normal,1.7,Sunday
PROD_0832,Realme C55,Mobile Phone,Budget,12494,13904,12814,313,2.7,1811,412,Festive,10.1,Friday
PROD_0833,OnePlus Nord CE4,Mobile Phone,Mid,52999,55000,58132,67,3.6,643,618,Normal,5.3,Monday
PROD_0835,OnePlus Nord CE4,Mobile Phone,Mid,52999,53738,50045,130,4.2,1308,316,Normal,9.6,Monday
PROD_0836,Realme C55,Mobile Phone,Budget,12494,13533,12596,308,3.7,2080,198,Normal,0.2,Monday
PROD_0838,iPhone 16,Mobile Phone,Premium,89612,96928,91785,238,3.7,206,124,Normal,0.3,Wednesday
PROD_0840,Samsung Galaxy A35,Mobile Phone,Mid,30534,32396,31505,312,4.1,935,648,Normal,0,Sunday
PROD_0864,iPhone 16,Mobile Phone,Premium,89612,96807,90921,272,4.1,442,202,Normal,2.8,Tuesday
PROD_0878,OnePlus Nord CE4,Mobile Phone,Mid,52999,55000,50454,172,3.6,501,516,Festive,15.4,Saturday
PROD_0883,Redmi Note 13,Mobile Phone,Budget,11858,12935,13230,294,3,1711,24,Normal,4,Saturday
PROD_0886,Realme C55,Mobile Phone,Budget,12494,13472,13546,292,3.5,2162,272,Normal,3.5,Thursday
PROD_0887,OnePlus Nord CE4,Mobile Phone,Mid,52999,55000,56458,182,4,1326,395,Festive,10.4,Friday
PROD_0889,Samsung Galaxy A35,Mobile Phone,Mid,30534,32617,31051,339,3.8,1901,544,Normal,3.1,Wednesday
PROD_0894,Redmi Note 13,Mobile Phone,Budget,11858,12811,11565,294,3.2,1660,232,Normal,6.2,Monday
PROD_0896,iPhone 16,Mobile Phone,Premium,89612,98696,85565,353,4.5,543,702,Festive,11.7,Friday
PROD_0908,iPhone 16,Mobile Phone,Premium,89612,95784,87086,265,4.8,233,420,Normal,0,Wednesday
PROD_0914,Realme C55,Mobile Phone,Budget,12494,12900,11189,318,3.1,1971,227,Normal,0.8,Thursday
PROD_0915,Realme C55,Mobile Phone,Budget,12494,13864,13307,365,3.1,2127,554,Festive,8.7,Monday
PROD_0923,OnePlus Nord CE4,Mobile Phone,Mid,52999,55000,52239,86,3.4,695,463,Normal,8.6,Sunday
PROD_0925,Realme C55,Mobile Phone,Budget,12494,13394,13653,281,3.6,2049,380,Normal,8.9,Friday
PROD_0937,Realme C55,Mobile Phone,Budget,12494,13416,11927,299,3.2,1846,372,Normal,6.8,Thursday
PROD_0938,iPhone 16,Mobile Phone,Premium,89612,95223,81930,353,4.1,863,477,Festive,13.4,Saturday
PROD_0940,Realme C55,Mobile Phone,Budget,12494,13461,12070,257,2.9,1996,237,Normal,0,Tuesday
PROD_0943,Realme C55,Mobile Phone,Budget,12494,13279,13204,324,3.6,1926,628,Normal,1.9,Friday
PROD_0945,Redmi Note 13,Mobile Phone,Budget,11858,12666,12708,314,2.8,1913,507,Normal,6.3,Friday
PROD_0947,Realme C55,Mobile Phone,Budget,12494,13402,12636,257,2.7,1755,331,Normal,4.7,Wednesday
PROD_0948,OnePlus Nord CE4,Mobile Phone,Mid,52999,55000,55271,101,3.7,869,425,Normal,3.9,Thursday
PROD_0949,OnePlus Nord CE4,Mobile Phone,Mid,52999,55000,54710,207,3.7,1244,605,Festive,11.9,Thursday
PROD_0950,Samsung Galaxy A35,Mobile Phone,Mid,30534,33069,31615,382,3.7,1793,312,Normal,0.2,Saturday
PROD_0954,Redmi Note 13,Mobile Phone,Budget,11858,12123,10965,350,3.5,2431,477,Normal,4.6,Saturday
PROD_0958,Redmi Note 13,Mobile Phone,Budget,11858,13280,12704,389,3.3,1973,253,Festive,8.3,Friday
PROD_0961,Realme C55,Mobile Phone,Budget,12494,13052,11243,350,3.6,2052,31,Normal,1.5,Saturday
PROD_0964,OnePlus Nord CE4,Mobile Phone,Mid,52999,53229,49677,138,4.1,1141,520,Normal,0,Sunday
PROD_0979,Redmi Note 13,Mobile Phone,Budget,11858,13280,12729,393,3.1,2003,383,Festive,9.5,Sunday
PROD_0982,Redmi Note 13,Mobile Phone,Budget,11858,12846,12006,316,2.8,1919,207,Normal,3.3,Wednesday
PROD_0986,OnePlus Nord CE4,Mobile Phone,Mid,52999,55000,57911,132,4.1,1077,659,Normal,0,Sunday
PROD_0987,iPhone 16,Mobile Phone,Premium,89612,99653,93475,294,4.3,788,400,Festive,14.3,Monday
PROD_0998,OnePlus Nord CE4,Mobile Phone,Mid,52999,55000,47091,225,4.1,1733,381,Festive,10,Monday
PROD_1001,Redmi Note 13,Mobile Phone,Budget,11858,12093,10777,326,3.7,2189,492,Normal,1.3,Wednesday
PROD_1005,Realme C55,Mobile Phone,Budget,12494,12876,11246,325,3.4,1933,276,Normal,1.1,Sunday
PROD_1007,Samsung Galaxy A35,Mobile Phone,Mid,30534,32375,28683,421,3.9,1808,625,Festive,9.4,Thursday
PROD_1008,OnePlus Nord CE4,Mobile Phone,Mid,52999,55000,56456,209,4.2,2113,202,Festive,14.8,Thursday
PROD_1010,Realme C55,Mobile Phone,Budget,12494,13523,13008,295,3.2,1488,194,Normal,0.3,Wednesday
PROD_1013,Redmi Note 13,Mobile Phone,Budget,11858,12766,11879,278,3.1,2114,285,Normal,3.7,Friday
PROD_1020,OnePlus Nord CE4,Mobile Phone,Mid,52999,52779,48994,60,3,1104,573,Normal,2.4,Thursday
PROD_1021,Samsung Galaxy A35,Mobile Phone,Mid,30534,34198,30133,429,3.9,1382,344,Festive,5.6,Monday
PROD_1024,Samsung Galaxy A35,Mobile Phone,Mid,30534,33772,29281,451,4.4,1793,755,Festive,12.3,Saturday
PROD_1025,Redmi Note 13,Mobile Phone,Budget,11858,12899,12530,370,3.4,1737,198,Normal,2,Sunday
PROD_1030,Samsung Galaxy A35,Mobile Phone,Mid,30534,31548,27550,327,3.7,1396,226,Normal,3.6,Thursday
PROD_1031,iPhone 16,Mobile Phone,Premium,89612,91354,84670,242,4,251,374,Normal,0,Tuesday
PROD_1036,Redmi Note 13,Mobile Phone,Budget,11858,12673,10629,361,2.5,1599,366,Festive,10.9,Thursday
PROD_1040,Redmi Note 13,Mobile Phone,Budget,11858,12765,12341,325,3.4,2374,357,Normal,0,Monday
PROD_1042,Redmi Note 13,Mobile Phone,Budget,11858,12007,10624,237,2.6,1884,503,Normal,0,Sunday
PROD_1052,OnePlus Nord CE4,Mobile Phone,Mid,52999,55000,58461,212,4.1,1203,311,Festive,10.3,Wednesday
PROD_1053,iPhone 16,Mobile Phone,Premium,89612,99950,97479,335,4.7,50,395,Festive,9,Friday
PROD_1055,Redmi Note 13,Mobile Phone,Budget,11858,13280,12551,368,3.1,1822,274,Festive,12.4,Friday
PROD_1058,iPhone 16,Mobile Phone,Premium,89612,96875,89373,322,4.6,1529,262,Normal,8.5,Friday
PROD_1060,Redmi Note 13,Mobile Phone,Budget,11858,13232,13236,362,2.8,1958,425,Festive,9.7,Tuesday
PROD_1061,Realme C55,Mobile Phone,Budget,12494,13905,12033,366,3.1,2154,489,Festive,11.7,Saturday
PROD_1068,Realme C55,Mobile Phone,Budget,12494,13516,12371,332,3.5,2666,262,Normal,3.7,Wednesday
PROD_1070,Redmi Note 13,Mobile Phone,Budget,11858,12815,11964,309,3.2,1863,248,Normal,0,Sunday
PROD_1083,Redmi Note 13,Mobile Phone,Budget,11858,12645,11472,354,3.8,1344,602,Normal,5.4,Sunday
PROD_1087,Redmi Note 13,Mobile Phone,Budget,11858,11950,11125,256,3,1898,628,Normal,2.5,Wednesday
PROD_1090,OnePlus Nord CE4,Mobile Phone,Mid,52999,55000,52325,121,4.1,833,422,Normal,7.4,Wednesday
PROD_1091,Samsung Galaxy A35,Mobile Phone,Mid,30534,32364,29424,314,4,1535,672,Normal,5.4,Wednesday
PROD_1099,Realme C55,Mobile Phone,Budget,12494,13993,13080,385,3,2665,246,Festive,18,Sunday
PROD_1102,iPhone 16,Mobile Phone,Premium,89612,90915,81749,304,4.6,1012,565,Normal,1.1,Saturday
PROD_1137,Redmi Note 13,Mobile Phone,Budget,11858,12498,12175,318,3.1,1993,796,Normal,4.4,Tuesday
PROD_1142,Realme C55,Mobile Phone,Budget,12494,13708,12748,299,2.8,1141,704,Festive,13.4,Wednesday
PROD_1143,Samsung Galaxy A35,Mobile Phone,Mid,30534,32501,30845,312,3.9,658,579,Normal,0.4,Wednesday
PROD_1160,Samsung Galaxy A35,Mobile Phone,Mid,30534,32598,31634,289,3.9,860,481,Normal,0.8,Friday
PROD_1162,Realme C55,Mobile Phone,Budget,12494,13298,12016,319,3.3,2101,591,Normal,2,Wednesday
PROD_1164,Redmi Note 13,Mobile Phone,Budget,11858,12771,11357,333,3.7,2468,358,Normal,6.6,Saturday
PROD_1174,Realme C55,Mobile Phone,Budget,12494,12711,11086,300,4.1,1796,502,Normal,1.3,Wednesday
PROD_1178,Samsung Galaxy A35,Mobile Phone,Mid,30534,32611,33705,295,3.7,1142,482,Normal,2.1,Tuesday
PROD_1187,OnePlus Nord CE4,Mobile Phone,Mid,52999,55000,57046,99,3.6,596,312,Normal,4.8,Monday
PROD_1195,Redmi Note 13,Mobile Phone,Budget,11858,12827,11278,289,3.2,1909,198,Normal,2.7,Monday
PROD_1212,iPhone 16,Mobile Phone,Premium,89612,91529,84673,258,4,950,359,Normal,6.1,Monday
PROD_1213,Redmi Note 13,Mobile Phone,Budget,11858,13280,12694,442,3.8,2042,339,Festive,10.9,Wednesday
PROD_1216,Samsung Galaxy A35,Mobile Phone,Mid,30534,31391,28773,335,3.8,1073,341,Normal,2.8,Friday
PROD_1222,Redmi Note 13,Mobile Phone,Budget,11858,12821,11946,338,3.1,2175,282,Normal,0.1,Saturday
PROD_1226,iPhone 16,Mobile Phone,Premium,89612,94392,84448,336,4.5,1075,637,Festive,10.8,Friday
PROD_1227,Realme C55,Mobile Phone,Budget,12494,13402,13528,281,3.4,1913,368,Normal,1.1,Monday
PROD_1235,OnePlus Nord CE4,Mobile Phone,Mid,52999,55000,56073,144,3.9,1687,437,Normal,2.1,Tuesday
PROD_1247,Redmi Note 13,Mobile Phone,Budget,11858,12837,12493,297,3.2,1744,193,Normal,1.2,Wednesday
PROD_1253,Redmi Note 13,Mobile Phone,Budget,11858,12650,12055,325,3,1362,551,Normal,3.9,Friday
PROD_1259,Realme C55,Mobile Phone,Budget,12494,13333,12936,275,3.4,2037,469,Normal,0,Sunday
PROD_1261,iPhone 16,Mobile Phone,Premium,89612,96633,88713,272,4.4,782,241,Normal,3.9,Friday
PROD_1269,Samsung Galaxy A35,Mobile Phone,Mid,30534,33475,34108,342,3.4,989,786,Festive,16.4,Friday
PROD_1272,iPhone 16,Mobile Phone,Premium,89612,95862,87441,294,4.7,296,446,Normal,0,Thursday
PROD_1286,Realme C55,Mobile Phone,Budget,12494,13327,12501,344,3.6,2163,581,Normal,0,Saturday
PROD_1293,OnePlus Nord CE4,Mobile Phone,Mid,52999,55000,57962,117,3.9,1869,433,Normal,5.9,Wednesday
PROD_1299,Redmi Note 13,Mobile Phone,Budget,11858,12648,12980,332,3.3,2050,565,Normal,2.3,Monday
PROD_1307,Samsung Galaxy A35,Mobile Phone,Mid,30534,31109,28867,328,3.6,1625,515,Normal,2.1,Tuesday
PROD_1329,Redmi Note 13,Mobile Phone,Budget,11858,12760,10891,418,3.7,2336,304,Festive,11.8,Saturday
PROD_1333,Redmi Note 13,Mobile Phone,Budget,11858,13247,12235,390,3.1,1907,441,Festive,11.7,Monday
PROD_1338,iPhone 16,Mobile Phone,Premium,89612,96256,92996,282,4.7,437,340,Normal,2.1,Monday
PROD_1343,Realme C55,Mobile Phone,Budget,12494,13395,13901,305,3.4,2129,414,Normal,7.1,Friday
PROD_1350,Realme C55,Mobile Phone,Budget,12494,13478,13759,405,4.3,3200,432,Normal,0,Saturday
PROD_1353,iPhone 16,Mobile Phone,Premium,89612,94899,84698,334,4.1,740,521,Festive,14.3,Sunday
PROD_1364,Samsung Galaxy A35,Mobile Phone,Mid,30534,34198,32434,399,3.6,1242,242,Festive,11.2,Wednesday
PROD_1368,Realme C55,Mobile Phone,Budget,12494,13624,13903,368,3.7,2138,143,Normal,1.9,Tuesday
PROD_1380,Realme C55,Mobile Phone,Budget,12494,12684,11247,325,3.5,2403,582,Normal,5.1,Saturday
PROD_1382,Realme C55,Mobile Phone,Budget,12494,13310,12713,307,3.3,2263,554,Normal,4.1,Wednesday
PROD_1392,iPhone 16,Mobile Phone,Premium,89612,90691,81778,202,4.1,523,462,Normal,0,Monday
PROD_1396,Samsung Galaxy A35,Mobile Phone,Mid,30534,31068,28227,328,3.6,1264,542,Normal,0.1,Tuesday
PROD_1405,Realme C55,Mobile Phone,Budget,12494,13392,13767,259,2.4,1312,351,Normal,0,Wednesday
PROD_1406,Samsung Galaxy A35,Mobile Phone,Mid,30534,32532,32584,248,3,1135,463,Normal,3,Wednesday
PROD_1413,OnePlus Nord CE4,Mobile Phone,Mid,52999,53873,48567,134,4.1,1579,271,Normal,7,Wednesday
PROD_1419,OnePlus Nord CE4,Mobile Phone,Mid,52999,55000,57134,109,3.9,1104,521,Normal,1.3,Friday
PROD_1430,Samsung Galaxy A35,Mobile Phone,Mid,30534,31551,27570,361,3.4,1638,275,Normal,0,Thursday
PROD_1433,Realme C55,Mobile Phone,Budget,12494,13888,13422,359,3.2,2274,507,Festive,12.6,Friday
PROD_1443,iPhone 16,Mobile Phone,Premium,89612,95394,86494,269,4.1,731,513,Normal,2.6,Thursday
PROD_1446,OnePlus Nord CE4,Mobile Phone,Mid,52999,53220,46868,117,3.6,1345,492,Normal,7.4,Wednesday
PROD_1447,Realme C55,Mobile Phone,Budget,12494,13321,13423,306,3,2289,535,Normal,2.8,Monday
PROD_1452,OnePlus Nord CE4,Mobile Phone,Mid,52999,55000,47832,223,4.1,849,435,Festive,13.8,Friday
PROD_1453,Realme C55,Mobile Phone,Budget,12494,13391,11112,406,3.6,2440,372,Festive,12.4,Friday
PROD_1471,Samsung Galaxy A35,Mobile Phone,Mid,30534,33302,33505,377,4.2,1041,152,Normal,4.6,Sunday
PROD_1478,Samsung Galaxy A35,Mobile Phone,Mid,30534,31239,28751,304,3.7,1314,394,Normal,5.6,Thursday
PROD_1484,Redmi Note 13,Mobile Phone,Budget,11858,13252,13065,473,4.2,2170,557,Festive,12.5,Sunday
PROD_1490,Realme C55,Mobile Phone,Budget,12494,13440,11917,334,3.2,2408,386,Normal,6.5,Tuesday
PROD_1491,Samsung Galaxy A35,Mobile Phone,Mid,30534,32521,33441,327,4.1,1119,589,Normal,3.7,Friday
PROD_1494,OnePlus Nord CE4,Mobile Phone,Mid,52999,55000,55336,185,3.7,805,375,Festive,5.8,Thursday
PROD_1498,Realme C55,Mobile Phone,Budget,12494,12746,11702,316,3.4,2097,470,Normal,2.2,Monday
PROD_1503,iPhone 16,Mobile Phone,Premium,89612,95631,99951,251,3.9,899,433,Normal,5.1,Wednesday
PROD_1512,iPhone 16,Mobile Phone,Premium,89612,95568,90741,267,4.6,127,471,Normal,4.2,Tuesday
PROD_1515,Samsung Galaxy A35,Mobile Phone,Mid,30534,32564,31324,322,3.3,447,553,Normal,4.4,Thursday
PROD_1525,Samsung Galaxy A35,Mobile Phone,Mid,30534,32474,33307,342,3.9,1334,642,Normal,6,Monday
PROD_1534,OnePlus Nord CE4,Mobile Phone,Mid,52999,55000,53636,93,3.9,815,364,Normal,2.8,Thursday
PROD_1538,Samsung Galaxy A35,Mobile Phone,Mid,30534,34198,32225,367,3.4,885,335,Festive,7.6,Sunday
PROD_1542,OnePlus Nord CE4,Mobile Phone,Mid,52999,55000,59129,228,4.3,1749,527,Festive,16.2,Saturday
PROD_1544,iPhone 16,Mobile Phone,Premium,89612,96167,93700,270,4.5,637,342,Normal,2.9,Sunday
PROD_1545,iPhone 16,Mobile Phone,Premium,89612,99545,90616,344,4.7,508,499,Festive,11.8,Sunday
PROD_1548,Samsung Galaxy A35,Mobile Phone,Mid,30534,32547,28555,392,3.6,1395,469,Festive,5.5,Sunday
PROD_1550,OnePlus Nord CE4,Mobile Phone,Mid,52999,53412,46809,98,3.7,740,391,Normal,1.4,Monday
PROD_1553,iPhone 16,Mobile Phone,Premium,89612,99720,97965,294,3.7,331,385,Festive,7.2,Friday
PROD_1562,OnePlus Nord CE4,Mobile Phone,Mid,52999,55000,48444,206,3.9,1076,344,Festive,11.5,Tuesday
PROD_1564,Realme C55,Mobile Phone,Budget,12494,13976,12193,339,3,1881,335,Festive,9.2,Thursday
PROD_1565,Redmi Note 13,Mobile Phone,Budget,11858,12671,11073,415,3.6,2627,451,Festive,18,Wednesday
PROD_1626,Redmi Note 13,Mobile Phone,Budget,11858,13240,11852,367,3,2279,419,Festive,3.5,Tuesday
PROD_1637,OnePlus Nord CE4,Mobile Phone,Mid,52999,55000,59002,136,3.4,1212,200,Normal,1.6,Friday
PROD_1653,Redmi Note 13,Mobile Phone,Budget,11858,12888,11971,316,3.3,2245,136,Normal,3.3,Wednesday
PROD_1662,OnePlus Nord CE4,Mobile Phone,Mid,52999,55000,58463,253,4.1,1916,651,Festive,10.4,Friday
PROD_1663,Samsung Galaxy A35,Mobile Phone,Mid,30534,34061,29988,433,4.2,1213,539,Festive,6.1,Saturday
PROD_1665,Realme C55,Mobile Phone,Budget,12494,13786,12339,370,3.2,1803,686,Festive,14.8,Thursday
PROD_1667,OnePlus Nord CE4,Mobile Phone,Mid,52999,53784,48808,99,3.4,982,252,Normal,8.6,Monday
PROD_1670,iPhone 16,Mobile Phone,Premium,89612,96234,99426,238,3.7,1058,279,Normal,0,Tuesday
PROD_1682,Redmi Note 13,Mobile Phone,Budget,11858,12589,11663,308,3.3,1778,628,Normal,0.1,Tuesday
PROD_1683,Realme C55,Mobile Phone,Budget,12494,13304,11720,365,3.1,1806,450,Festive,8.9,Monday
PROD_1688,OnePlus Nord CE4,Mobile Phone,Mid,52999,55000,54853,93,3.5,1123,375,Normal,5.1,Thursday
PROD_1690,OnePlus Nord CE4,Mobile Phone,Mid,52999,55000,59321,130,3.4,1006,261,Normal,1.4,Sunday
PROD_1696,iPhone 16,Mobile Phone,Premium,89612,95875,81554,306,4.1,162,261,Festive,9.5,Monday
PROD_1703,iPhone 16,Mobile Phone,Premium,89612,96055,98877,248,4.4,506,334,Normal,2.1,Friday
PROD_1705,OnePlus Nord CE4,Mobile Phone,Mid,52999,55000,52782,67,3.3,926,608,Normal,3.4,Thursday
PROD_1706,Samsung Galaxy A35,Mobile Phone,Mid,30534,32798,29471,251,3.3,626,293,Normal,3.2,Monday
PROD_1720,OnePlus Nord CE4,Mobile Phone,Mid,52999,55000,57169,106,3.5,959,539,Normal,11.3,Sunday
PROD_1721,Realme C55,Mobile Phone,Budget,12494,13436,13562,344,3.3,1908,408,Normal,1.8,Thursday
PROD_1728,Redmi Note 13,Mobile Phone,Budget,11858,12683,12438,348,3.6,2368,530,Normal,5.8,Friday
PROD_1734,iPhone 16,Mobile Phone,Premium,89612,95855,90526,245,4.4,225,374,Normal,4.6,Tuesday
PROD_1735,Realme C55,Mobile Phone,Budget,12494,13484,13082,308,3.4,1837,276,Normal,2.4,Monday
PROD_1740,Samsung Galaxy A35,Mobile Phone,Mid,30534,31522,27512,353,4,1582,282,Normal,0,Thursday
PROD_1742,Realme C55,Mobile Phone,Budget,12494,13993,13976,321,3,1546,0,Festive,11.6,Saturday
PROD_1754,OnePlus Nord CE4,Mobile Phone,Mid,52999,55000,57041,177,3.5,1189,302,Festive,12.7,Thursday
PROD_1765,iPhone 16,Mobile Phone,Premium,89612,95871,90094,256,4.3,1243,387,Normal,9.3,Thursday
PROD_1766,Realme C55,Mobile Phone,Budget,12494,13837,12621,344,3.2,1692,565,Festive,13.6,Sunday
PROD_1770,iPhone 16,Mobile Phone,Premium,89612,94363,89048,207,4,181,650,Normal,5.1,Friday
PROD_1781,Samsung Galaxy A35,Mobile Phone,Mid,30534,33859,31361,422,3.9,1221,655,Festive,14.6,Sunday
PROD_1786,Redmi Note 13,Mobile Phone,Budget,11858,12720,11386,326,3.7,2180,435,Normal,5.3,Saturday
PROD_1791,Samsung Galaxy A35,Mobile Phone,Mid,30534,32811,31877,321,3.7,1689,390,Normal,0,Sunday
PROD_0005,boAt Wave Sigma,Smartwatch,Budget,3831,3966,3571,360,3.4,1892,234,Normal,4.1,Tuesday
PROD_0013,Noise ColorFit Pro 4,Smartwatch,Budget,3212,3444,3555,416,3.7,2475,576,Normal,0,Monday
PROD_0016,boAt Wave Sigma,Smartwatch,Budget,3831,4043,3458,493,4.2,3062,831,Festive,11.6,Monday
PROD_0024,Noise ColorFit Pro 4,Smartwatch,Budget,3212,3456,3385,294,2.7,2042,319,Normal,3.5,Wednesday
PROD_0032,boAt Wave Sigma,Smartwatch,Budget,3831,4073,4097,371,3.3,2155,690,Normal,0.4,Wednesday
PROD_0034,Samsung Galaxy Watch 6,Smartwatch,Mid,22632,23096,20415,227,3.5,633,330,Normal,6.5,Sunday
PROD_0039,Fitbit Sense 2,Smartwatch,Mid,26293,29364,28246,317,3.9,1128,339,Festive,10.4,Tuesday
PROD_0041,Apple Watch Series 9,Smartwatch,Premium,56601,63393,56353,355,4.1,148,285,Festive,9.7,Wednesday
PROD_0042,Samsung Galaxy Watch 6,Smartwatch,Mid,22632,24128,20751,355,4.4,1331,410,Festive,9.2,Tuesday
PROD_0047,Samsung Galaxy Watch 6,Smartwatch,Mid,22632,23052,20793,214,3.4,812,349,Normal,0.2,Saturday
PROD_0052,Samsung Galaxy Watch 6,Smartwatch,Mid,22632,25327,23181,332,4.3,1211,316,Festive,5.7,Tuesday
PROD_0054,Samsung Galaxy Watch 6,Smartwatch,Mid,22632,24157,23383,275,3.9,1738,464,Normal,6.3,Tuesday
PROD_0056,Samsung Galaxy Watch 6,Smartwatch,Mid,22632,22939,20214,220,3.7,932,458,Normal,0.1,Tuesday
PROD_0057,Samsung Galaxy Watch 6,Smartwatch,Mid,22632,23155,20691,251,3.6,1561,314,Normal,8.6,Wednesday
PROD_0066,Apple Watch Series 9,Smartwatch,Premium,56601,60938,55451,321,4.7,1193,349,Normal,1.7,Friday
PROD_0067,Apple Watch Series 9,Smartwatch,Premium,56601,61560,59530,329,4.3,941,141,Normal,5.9,Friday
PROD_0068,boAt Wave Sigma,Smartwatch,Budget,3831,4274,3733,360,2.5,1568,426,Festive,10.2,Monday
PROD_0088,Noise ColorFit Pro 4,Smartwatch,Budget,3212,3597,3525,456,3.4,2490,344,Festive,13.7,Monday
PROD_0109,Noise ColorFit Pro 4,Smartwatch,Budget,3212,3289,2974,367,3.5,1767,467,Normal,1.2,Thursday
PROD_0124,Fitbit Sense 2,Smartwatch,Mid,26293,28040,26126,239,3.8,1498,429,Normal,5.6,Friday
PROD_0128,Noise ColorFit Pro 4,Smartwatch,Budget,3212,3597,3363,428,3.4,2100,357,Festive,10.3,Thursday
PROD_0132,Noise ColorFit Pro 4,Smartwatch,Budget,3212,3270,2968,354,3.2,1807,565,Normal,3.3,Saturday
PROD_0144,Noise ColorFit Pro 4,Smartwatch,Budget,3212,3453,3589,370,2.9,1759,450,Normal,0,Tuesday
PROD_0153,Noise ColorFit Pro 4,Smartwatch,Budget,3212,3443,3140,376,3.4,2073,521,Normal,4.6,Friday
PROD_0164,boAt Wave Sigma,Smartwatch,Budget,3831,4290,3831,393,3.7,1635,355,Festive,6.6,Friday
PROD_0173,boAt Wave Sigma,Smartwatch,Budget,3831,4138,3633,418,3.5,2272,221,Festive,7.9,Friday
PROD_0178,boAt Wave Sigma,Smartwatch,Budget,3831,3950,3428,387,3.4,2715,358,Normal,9.9,Friday
PROD_0180,Samsung Galaxy Watch 6,Smartwatch,Mid,22632,24984,22475,344,3.5,1332,637,Festive,6.2,Sunday
PROD_0181,Samsung Galaxy Watch 6,Smartwatch,Mid,22632,24246,21341,387,4.3,1772,354,Festive,10.7,Monday
PROD_0183,Noise ColorFit Pro 4,Smartwatch,Budget,3212,3571,3284,416,3.5,2132,588,Festive,12.1,Saturday
PROD_0185,Samsung Galaxy Watch 6,Smartwatch,Mid,22632,22883,21276,201,3.4,1286,479,Normal,4.4,Monday
PROD_0187,boAt Wave Sigma,Smartwatch,Budget,3831,3895,3527,312,3.4,2270,529,Normal,1.5,Saturday
PROD_0188,Apple Watch Series 9,Smartwatch,Premium,56601,60066,62771,271,4.1,704,582,Normal,1.7,Tuesday
PROD_0193,Fitbit Sense 2,Smartwatch,Mid,26293,29202,26279,260,3.5,1332,377,Festive,12.4,Wednesday
PROD_0194,Fitbit Sense 2,Smartwatch,Mid,26293,27977,26120,187,3.9,969,399,Normal,3.2,Thursday
PROD_0210,Apple Watch Series 9,Smartwatch,Premium,56601,58282,50353,322,4.4,319,289,Normal,0,Friday
PROD_0216,Apple Watch Series 9,Smartwatch,Premium,56601,57605,49993,248,4,223,417,Normal,2.7,Friday
PROD_0218,boAt Wave Sigma,Smartwatch,Budget,3831,4063,3725,285,3,1752,616,Normal,0,Wednesday
PROD_0234,Noise ColorFit Pro 4,Smartwatch,Budget,3212,3319,2889,370,3.6,1970,283,Normal,0,Thursday
PROD_0237,Apple Watch Series 9,Smartwatch,Premium,56601,63393,57163,375,4.8,829,262,Festive,13.9,Friday
PROD_0241,Apple Watch Series 9,Smartwatch,Premium,56601,58215,52092,269,3.9,989,233,Normal,2.4,Thursday
PROD_0242,boAt Wave Sigma,Smartwatch,Budget,3831,4088,4059,305,2.8,1697,511,Normal,1.6,Tuesday
PROD_0252,Samsung Galaxy Watch 6,Smartwatch,Mid,22632,25166,22179,297,3.7,1490,406,Festive,14.3,Tuesday
PROD_0253,Apple Watch Series 9,Smartwatch,Premium,56601,60717,57103,309,4.5,495,409,Normal,8,Wednesday
PROD_0259,Fitbit Sense 2,Smartwatch,Mid,26293,27705,27770,205,3.3,1167,633,Normal,3.6,Monday
PROD_0267,boAt Wave Sigma,Smartwatch,Budget,3831,4082,4034,296,3.3,1689,529,Normal,2.4,Thursday
PROD_0272,Samsung Galaxy Watch 6,Smartwatch,Mid,22632,23079,20628,261,3.7,960,396,Normal,2.1,Wednesday
PROD_0275,Samsung Galaxy Watch 6,Smartwatch,Mid,22632,24175,20659,302,3.8,235,289,Festive,12.1,Thursday
PROD_0276,Fitbit Sense 2,Smartwatch,Mid,26293,27837,28272,187,3.5,1324,506,Normal,9.3,Wednesday
PROD_0277,Apple Watch Series 9,Smartwatch,Premium,56601,62807,61420,376,4.4,864,571,Festive,12.5,Wednesday
PROD_0300,Noise ColorFit Pro 4,Smartwatch,Budget,3212,3254,3003,275,2.5,1462,546,Normal,2.3,Monday
PROD_0301,boAt Wave Sigma,Smartwatch,Budget,3831,3915,3425,384,3.8,2451,533,Normal,7.9,Tuesday
PROD_0306,Noise ColorFit Pro 4,Smartwatch,Budget,3212,3295,2981,373,3.5,2164,438,Normal,1.2,Tuesday
PROD_0308,Apple Watch Series 9,Smartwatch,Premium,56601,60438,54792,284,4.2,768,470,Normal,2.7,Tuesday
PROD_0316,Apple Watch Series 9,Smartwatch,Premium,56601,58700,50323,346,4.8,862,177,Normal,1.3,Saturday
PROD_0326,Apple Watch Series 9,Smartwatch,Premium,56601,61065,55312,317,4.4,800,298,Normal,2.7,Friday
PROD_0328,Apple Watch Series 9,Smartwatch,Premium,56601,60227,57229,303,4.6,417,573,Normal,0,Saturday
PROD_0329,Fitbit Sense 2,Smartwatch,Mid,26293,27101,23988,160,3.2,1170,25,Normal,0.7,Friday
PROD_0330,Apple Watch Series 9,Smartwatch,Premium,56601,57785,51672,267,3.9,480,382,Normal,4.8,Friday
PROD_0331,Apple Watch Series 9,Smartwatch,Premium,56601,60280,63240,322,4.6,309,583,Normal,1.6,Monday
PROD_0335,boAt Wave Sigma,Smartwatch,Budget,3831,4154,3891,398,3.7,2210,307,Normal,1.6,Thursday
PROD_0339,boAt Wave Sigma,Smartwatch,Budget,3831,4132,4074,306,3.6,1597,287,Normal,1.5,Saturday
PROD_0340,Samsung Galaxy Watch 6,Smartwatch,Mid,22632,25012,25226,291,3.4,1179,533,Festive,12.1,Thursday
PROD_0346,boAt Wave Sigma,Smartwatch,Budget,3831,4286,3886,434,3.4,1760,472,Festive,10.8,Thursday
PROD_0352,Fitbit Sense 2,Smartwatch,Mid,26293,28270,28183,235,4.2,811,248,Normal,4.2,Wednesday
PROD_0357,Apple Watch Series 9,Smartwatch,Premium,56601,57400,53468,307,4.5,780,578,Normal,0,Wednesday
PROD_0359,boAt Wave Sigma,Smartwatch,Budget,3831,4065,3662,320,3.4,1634,655,Normal,2.2,Wednesday
PROD_0360,boAt Wave Sigma,Smartwatch,Budget,3831,3906,3567,354,3.6,2415,537,Normal,3.4,Friday
PROD_0367,Apple Watch Series 9,Smartwatch,Premium,56601,60275,59107,291,4.5,782,538,Normal,6.1,Friday
PROD_0369,Fitbit Sense 2,Smartwatch,Mid,26293,27930,26767,201,4.1,1425,456,Normal,1.5,Monday
PROD_0374,Noise ColorFit Pro 4,Smartwatch,Budget,3212,3514,3146,391,3.9,2279,103,Normal,3.6,Sunday
PROD_0383,Fitbit Sense 2,Smartwatch,Mid,26293,28324,27261,215,3.8,1282,177,Normal,2.5,Monday
PROD_0392,Apple Watch Series 9,Smartwatch,Premium,56601,63354,58354,393,4.5,718,403,Festive,9.6,Sunday
PROD_0393,Apple Watch Series 9,Smartwatch,Premium,56601,59991,58695,330,4.6,1186,697,Normal,1,Thursday
PROD_0398,Fitbit Sense 2,Smartwatch,Mid,26293,27856,27533,200,3.7,1143,511,Normal,1.9,Monday
PROD_0408,Noise ColorFit Pro 4,Smartwatch,Budget,3212,3440,3586,371,3.1,2069,533,Normal,3.1,Saturday
PROD_0416,Noise ColorFit Pro 4,Smartwatch,Budget,3212,3517,3158,377,3.4,2411,64,Normal,6.4,Friday
PROD_0423,boAt Wave Sigma,Smartwatch,Budget,3831,4121,3886,319,3.3,1990,361,Normal,4,Wednesday
PROD_0429,Fitbit Sense 2,Smartwatch,Mid,26293,27778,26396,210,4.1,1663,585,Normal,3.6,Friday
PROD_0431,Noise ColorFit Pro 4,Smartwatch,Budget,3212,3481,3467,358,3.4,2311,259,Normal,4.2,Friday
PROD_0434,Fitbit Sense 2,Smartwatch,Mid,26293,27584,23899,295,4.2,1772,660,Festive,12.6,Monday
PROD_0435,Fitbit Sense 2,Smartwatch,Mid,26293,27694,25714,150,3.3,1012,559,Normal,0.6,Monday
PROD_0441,Fitbit Sense 2,Smartwatch,Mid,26293,27915,25674,178,3.6,915,433,Normal,1.1,Sunday
PROD_0442,Apple Watch Series 9,Smartwatch,Premium,56601,62999,57714,330,4,200,434,Festive,13.6,Saturday
PROD_0457,Samsung Galaxy Watch 6,Smartwatch,Mid,22632,23075,21500,192,3.6,536,296,Normal,2,Sunday
PROD_0461,Fitbit Sense 2,Smartwatch,Mid,26293,26911,23148,287,4.8,2160,360,Normal,3.8,Saturday
PROD_0470,Samsung Galaxy Watch 6,Smartwatch,Mid,22632,24224,21552,276,4.5,1270,407,Normal,0,Tuesday
PROD_0475,Samsung Galaxy Watch 6,Smartwatch,Mid,22632,24204,22336,199,3.4,630,309,Normal,0,Sunday
PROD_0476,Noise ColorFit Pro 4,Smartwatch,Budget,3212,3444,3412,355,3.3,1795,487,Normal,9.1,Tuesday
PROD_0478,boAt Wave Sigma,Smartwatch,Budget,3831,4290,3989,476,3.6,3352,340,Festive,8.7,Sunday
PROD_0485,Samsung Galaxy Watch 6,Smartwatch,Mid,22632,24379,22885,202,3.1,1140,159,Normal,7.9,Thursday
PROD_0486,Apple Watch Series 9,Smartwatch,Premium,56601,63320,55606,327,4,942,316,Festive,8.5,Friday
PROD_0487,boAt Wave Sigma,Smartwatch,Budget,3831,4118,3463,406,3.2,1936,310,Festive,15.8,Tuesday
PROD_0490,Samsung Galaxy Watch 6,Smartwatch,Mid,22632,25347,21874,342,3.8,1135,275,Festive,13.5,Tuesday
PROD_0492,boAt Wave Sigma,Smartwatch,Budget,3831,4136,4212,382,3.6,2188,378,Normal,5,Saturday
PROD_0495,Apple Watch Series 9,Smartwatch,Premium,56601,58832,53057,259,4,631,0,Normal,0,Saturday
PROD_0497,Fitbit Sense 2,Smartwatch,Mid,26293,27940,27936,207,3.8,836,457,Normal,4.8,Tuesday
PROD_0503,boAt Wave Sigma,Smartwatch,Budget,3831,4154,4174,359,3.1,1932,252,Normal,7.9,Wednesday
PROD_0511,Fitbit Sense 2,Smartwatch,Mid,26293,26209,23276,167,3.7,577,714,Normal,7.2,Friday
PROD_0513,boAt Wave Sigma,Smartwatch,Budget,3831,4129,4099,287,2.6,1449,271,Normal,4.5,Wednesday
PROD_0524,boAt Wave Sigma,Smartwatch,Budget,3831,4113,3919,293,3.1,2141,367,Normal,0,Saturday
PROD_0525,Fitbit Sense 2,Smartwatch,Mid,26293,29448,27567,344,4.3,2510,131,Festive,7.3,Thursday
PROD_0527,Fitbit Sense 2,Smartwatch,Mid,26293,27605,23374,279,3.6,1002,620,Festive,15.5,Saturday
PROD_0528,Fitbit Sense 2,Smartwatch,Mid,26293,28408,24222,273,3.7,1339,0,Festive,10.3,Wednesday
PROD_0561,Noise ColorFit Pro 4,Smartwatch,Budget,3212,3436,3182,366,3.8,2242,549,Normal,0,Saturday
PROD_0563,Apple Watch Series 9,Smartwatch,Premium,56601,60714,62316,271,3.9,360,353,Normal,3.9,Saturday
PROD_0564,Samsung Galaxy Watch 6,Smartwatch,Mid,22632,23995,19930,351,3.7,1581,522,Festive,18.5,Friday
PROD_0566,Noise ColorFit Pro 4,Smartwatch,Budget,3212,3597,3271,437,3.2,2117,375,Festive,10.6,Sunday
PROD_0567,Apple Watch Series 9,Smartwatch,Premium,56601,63335,62133,395,3.9,1156,413,Festive,20.2,Monday
PROD_0569,boAt Wave Sigma,Smartwatch,Budget,3831,4217,3675,403,3.2,2222,785,Festive,11.3,Monday
PROD_0572,Fitbit Sense 2,Smartwatch,Mid,26293,29245,26086,306,4.2,1195,413,Festive,3,Saturday
PROD_0578,boAt Wave Sigma,Smartwatch,Budget,3831,4075,3509,410,3,2253,536,Festive,9.2,Saturday
PROD_0582,Samsung Galaxy Watch 6,Smartwatch,Mid,22632,24150,23872,261,3.7,1383,450,Normal,8.1,Friday
PROD_0590,Fitbit Sense 2,Smartwatch,Mid,26293,26872,24262,200,4.1,844,259,Normal,4.2,Sunday
PROD_0593,Noise ColorFit Pro 4,Smartwatch,Budget,3212,3449,3308,362,3.2,2013,467,Normal,4.9,Saturday
PROD_0595,Fitbit Sense 2,Smartwatch,Mid,26293,26708,24009,130,3.2,566,279,Normal,3.1,Monday
PROD_0597,Samsung Galaxy Watch 6,Smartwatch,Mid,22632,23428,20922,230,3.8,779,41,Normal,3.2,Friday
PROD_0598,Noise ColorFit Pro 4,Smartwatch,Budget,3212,3437,3129,337,3.2,1734,502,Normal,0.5,Tuesday
PROD_0607,Noise ColorFit Pro 4,Smartwatch,Budget,3212,3550,3203,480,3.8,2385,814,Festive,8.1,Tuesday
PROD_0608,Samsung Galaxy Watch 6,Smartwatch,Mid,22632,24507,24662,248,4.1,1106,115,Normal,4.1,Sunday
PROD_0617,boAt Wave Sigma,Smartwatch,Budget,3831,4133,3758,333,3.6,1570,322,Normal,2.4,Saturday
PROD_0619,Apple Watch Series 9,Smartwatch,Premium,56601,60526,62312,318,4.5,659,490,Normal,0,Friday
PROD_0622,Apple Watch Series 9,Smartwatch,Premium,56601,60713,61853,346,4.6,585,466,Normal,0,Saturday
PROD_0627,Noise ColorFit Pro 4,Smartwatch,Budget,3212,3430,3583,390,3.8,1918,624,Normal,4.5,Saturday
PROD_0629,boAt Wave Sigma,Smartwatch,Budget,3831,4097,3555,407,3.6,2238,418,Festive,12.5,Friday
PROD_0631,Fitbit Sense 2,Smartwatch,Mid,26293,29134,27379,263,4.5,380,433,Festive,8.2,Thursday
PROD_0636,Samsung Galaxy Watch 6,Smartwatch,Mid,22632,25347,23575,390,4.4,1123,227,Festive,7.1,Sunday
PROD_0640,boAt Wave Sigma,Smartwatch,Budget,3831,4119,4065,360,3.8,1835,433,Normal,11,Monday
PROD_0659,boAt Wave Sigma,Smartwatch,Budget,3831,4089,3852,289,2.8,1735,484,Normal,7.2,Tuesday
PROD_0665,Apple Watch Series 9,Smartwatch,Premium,56601,57723,52400,293,4,634,443,Normal,0,Wednesday
PROD_0666,Noise ColorFit Pro 4,Smartwatch,Budget,3212,3462,3562,366,3.1,2084,390,Normal,3.4,Monday
PROD_0671,boAt Wave Sigma,Smartwatch,Budget,3831,4106,3880,316,3.5,1536,436,Normal,0,Wednesday
PROD_0672,Noise ColorFit Pro 4,Smartwatch,Budget,3212,3492,3477,347,2.8,1827,176,Normal,1,Saturday
PROD_0674,Fitbit Sense 2,Smartwatch,Mid,26293,29277,26815,243,3.6,1523,294,Festive,11.7,Tuesday
PROD_0682,Samsung Galaxy Watch 6,Smartwatch,Mid,22632,23207,19923,239,3.9,1219,250,Normal,7.1,Wednesday
PROD_0686,Noise ColorFit Pro 4,Smartwatch,Budget,3212,3583,3424,454,3.4,2198,568,Festive,11.9,Thursday
PROD_0698,Apple Watch Series 9,Smartwatch,Premium,56601,57505,51721,297,4.1,1218,526,Normal,2.3,Friday
PROD_0699,Apple Watch Series 9,Smartwatch,Premium,56601,58100,53747,308,4.2,744,332,Normal,0.8,Saturday
PROD_0704,boAt Wave Sigma,Smartwatch,Budget,3831,4078,3856,292,2.8,1776,547,Normal,4.6,Sunday
PROD_0727,boAt Wave Sigma,Smartwatch,Budget,3831,4290,3874,434,3.1,2346,349,Festive,10.6,Monday
PROD_0729,boAt Wave Sigma,Smartwatch,Budget,3831,4104,4046,340,3.6,2089,481,Normal,0.4,Friday
PROD_0730,Apple Watch Series 9,Smartwatch,Premium,56601,60925,59752,278,4.5,729,289,Normal,8.1,Friday
PROD_0737,Samsung Galaxy Watch 6,Smartwatch,Mid,22632,25347,24752,375,4.5,622,278,Festive,13.4,Thursday
PROD_0738,boAt Wave Sigma,Smartwatch,Budget,3831,4109,4227,344,3.1,2230,462,Normal,3.5,Wednesday
PROD_0741,boAt Wave Sigma,Smartwatch,Budget,3831,4108,3740,302,3,1379,405,Normal,5.8,Friday
PROD_0752,Apple Watch Series 9,Smartwatch,Premium,56601,60614,62530,362,4.7,1172,525,Normal,3.3,Saturday
PROD_0767,Fitbit Sense 2,Smartwatch,Mid,26293,26947,23907,170,3.8,965,157,Normal,8.8,Tuesday
PROD_0775,Apple Watch Series 9,Smartwatch,Premium,56601,61071,61395,309,4.1,882,284,Normal,9.6,Monday
PROD_0784,Samsung Galaxy Watch 6,Smartwatch,Mid,22632,24308,23384,285,3.7,1164,346,Normal,0,Saturday
PROD_0785,Noise ColorFit Pro 4,Smartwatch,Budget,3212,3284,2903,287,2.6,1775,380,Normal,0.9,Monday
PROD_0792,Noise ColorFit Pro 4,Smartwatch,Budget,3212,3597,3389,469,3.4,2605,296,Festive,12.2,Friday
PROD_0800,Samsung Galaxy Watch 6,Smartwatch,Mid,22632,23188,20376,231,3.4,1266,255,Normal,5.8,Sunday
PROD_0843,Fitbit Sense 2,Smartwatch,Mid,26293,29151,28550,350,4.1,2045,551,Festive,10.5,Saturday
PROD_0844,Fitbit Sense 2,Smartwatch,Mid,26293,29448,26616,308,4.1,1451,242,Festive,6.6,Monday
PROD_0859,Samsung Galaxy Watch 6,Smartwatch,Mid,22632,24307,25135,200,3.4,671,219,Normal,0,Wednesday
PROD_0866,Samsung Galaxy Watch 6,Smartwatch,Mid,22632,24123,20719,344,4.5,1175,398,Festive,13.6,Saturday
PROD_0873,Noise ColorFit Pro 4,Smartwatch,Budget,3212,3416,3490,319,2.7,1983,607,Normal,0.5,Friday
PROD_0875,Fitbit Sense 2,Smartwatch,Mid,26293,28963,28774,290,3.6,1193,604,Festive,15.5,Wednesday
PROD_0876,Apple Watch Series 9,Smartwatch,Premium,56601,60717,61834,337,4.5,971,451,Normal,6.4,Tuesday
PROD_0877,Apple Watch Series 9,Smartwatch,Premium,56601,60461,57198,256,3.9,346,420,Normal,3.8,Wednesday
PROD_0888,Fitbit Sense 2,Smartwatch,Mid,26293,26716,23381,200,4,1575,378,Normal,0,Sunday
PROD_0898,Apple Watch Series 9,Smartwatch,Premium,56601,61601,55938,312,4.8,328,101,Normal,1.1,Friday
PROD_0902,Noise ColorFit Pro 4,Smartwatch,Budget,3212,3311,2954,422,3.8,2207,413,Normal,4.7,Monday
PROD_0905,Noise ColorFit Pro 4,Smartwatch,Budget,3212,3405,3314,250,2.4,1336,572,Normal,4.1,Tuesday
PROD_0912,Apple Watch Series 9,Smartwatch,Premium,56601,63393,60395,325,4.2,50,234,Festive,12.1,Saturday
PROD_0918,Noise ColorFit Pro 4,Smartwatch,Budget,3212,3452,3250,299,2.4,1636,351,Normal,1.6,Sunday
PROD_0935,Noise ColorFit Pro 4,Smartwatch,Budget,3212,3597,3589,475,3.8,2360,413,Festive,5.8,Saturday
PROD_0944,Samsung Galaxy Watch 6,Smartwatch,Mid,22632,25347,24811,344,4.2,1289,0,Festive,14.1,Monday
PROD_0960,boAt Wave Sigma,Smartwatch,Budget,3831,4137,3952,322,3.4,1812,284,Normal,3.9,Friday
PROD_0966,Samsung Galaxy Watch 6,Smartwatch,Mid,22632,23293,20916,260,4.2,1178,205,Normal,5.5,Thursday
PROD_0967,Samsung Galaxy Watch 6,Smartwatch,Mid,22632,24121,24661,238,3.3,761,441,Normal,6.2,Friday
PROD_0971,Samsung Galaxy Watch 6,Smartwatch,Mid,22632,25176,24521,424,4.4,1872,587,Festive,7.9,Thursday
PROD_0977,boAt Wave Sigma,Smartwatch,Budget,3831,4071,4269,341,3.2,2172,655,Normal,0,Sunday
PROD_0993,boAt Wave Sigma,Smartwatch,Budget,3831,3936,3631,286,2.8,1600,277,Normal,0,Thursday
PROD_0994,Noise ColorFit Pro 4,Smartwatch,Budget,3212,3316,2987,293,2.7,1249,190,Normal,0,Sunday
PROD_0995,Samsung Galaxy Watch 6,Smartwatch,Mid,22632,25093,21867,343,4.1,1150,539,Festive,14.3,Monday
PROD_0999,Noise ColorFit Pro 4,Smartwatch,Budget,3212,3597,3565,422,3.6,2332,406,Festive,13.2,Sunday
PROD_1003,Samsung Galaxy Watch 6,Smartwatch,Mid,22632,24062,25184,266,3.5,1823,535,Normal,2.4,Monday
PROD_1009,boAt Wave Sigma,Smartwatch,Budget,3831,4117,3698,291,3.1,1547,339,Normal,1.6,Tuesday
PROD_1011,Fitbit Sense 2,Smartwatch,Mid,26293,29222,25699,282,3.9,1686,395,Festive,16.7,Saturday
PROD_1017,Fitbit Sense 2,Smartwatch,Mid,26293,27885,26922,198,4.1,982,486,Normal,0.6,Tuesday
PROD_1026,Apple Watch Series 9,Smartwatch,Premium,56601,61056,55265,283,3.7,1212,250,Normal,4.2,Tuesday
PROD_1056,Apple Watch Series 9,Smartwatch,Premium,56601,57723,53587,287,3.8,929,434,Normal,1.5,Friday
PROD_1059,Apple Watch Series 9,Smartwatch,Premium,56601,58008,50623,333,5,810,402,Normal,3.8,Friday
PROD_1062,boAt Wave Sigma,Smartwatch,Budget,3831,4290,3884,435,3.4,2166,287,Festive,11.3,Saturday
PROD_1066,Apple Watch Series 9,Smartwatch,Premium,56601,60476,54235,289,4.4,50,464,Normal,5.2,Thursday
PROD_1069,Noise ColorFit Pro 4,Smartwatch,Budget,3212,3486,3120,411,3.5,2865,310,Normal,2.7,Thursday
PROD_1073,boAt Wave Sigma,Smartwatch,Budget,3831,4290,3932,477,3.9,2914,149,Festive,12.2,Friday
PROD_1078,Fitbit Sense 2,Smartwatch,Mid,26293,29411,25876,280,3.8,1070,248,Festive,12.2,Saturday
PROD_1079,Samsung Galaxy Watch 6,Smartwatch,Mid,22632,25125,21736,315,3.9,447,469,Festive,11,Sunday
PROD_1094,boAt Wave Sigma,Smartwatch,Budget,3831,4114,3756,262,2.9,1930,311,Normal,3.2,Monday
PROD_1096,Samsung Galaxy Watch 6,Smartwatch,Mid,22632,24208,24157,284,3.7,818,433,Normal,3.9,Wednesday
PROD_1119,Noise ColorFit Pro 4,Smartwatch,Budget,3212,3432,3053,388,3.6,1739,608,Normal,0,Sunday
PROD_1120,Noise ColorFit Pro 4,Smartwatch,Budget,3212,3459,3596,298,2.7,1264,309,Normal,3.8,Sunday
PROD_1124,Samsung Galaxy Watch 6,Smartwatch,Mid,22632,24311,24946,225,3.5,942,253,Normal,0.7,Tuesday
PROD_1131,Samsung Galaxy Watch 6,Smartwatch,Mid,22632,24085,23002,249,3.5,801,489,Normal,5,Saturday
PROD_1132,Samsung Galaxy Watch 6,Smartwatch,Mid,22632,24354,25129,267,3.8,1190,278,Normal,4.7,Monday
PROD_1133,Samsung Galaxy Watch 6,Smartwatch,Mid,22632,22914,20850,255,4,956,533,Normal,1.6,Tuesday
PROD_1141,Fitbit Sense 2,Smartwatch,Mid,26293,27995,28955,218,3.8,1209,432,Normal,2.2,Monday
PROD_1157,Samsung Galaxy Watch 6,Smartwatch,Mid,22632,24263,24208,205,3.6,699,266,Normal,8.2,Thursday
PROD_1189,Apple Watch Series 9,Smartwatch,Premium,56601,63364,63142,334,4.6,501,311,Festive,11.2,Monday
PROD_1191,Samsung Galaxy Watch 6,Smartwatch,Mid,22632,24169,20852,277,3.4,851,257,Festive,15.4,Tuesday
PROD_1192,Apple Watch Series 9,Smartwatch,Premium,56601,57348,51885,270,4.8,50,541,Normal,10.2,Tuesday
PROD_1196,Fitbit Sense 2,Smartwatch,Mid,26293,28002,27422,243,4.2,765,464,Normal,2.5,Monday
PROD_1203,Noise ColorFit Pro 4,Smartwatch,Budget,3212,3448,3429,337,3.1,2131,433,Normal,0,Friday
PROD_1204,Noise ColorFit Pro 4,Smartwatch,Budget,3212,3443,3562,319,3,1974,438,Normal,1.5,Friday
PROD_1205,boAt Wave Sigma,Smartwatch,Budget,3831,4290,3651,343,2.8,1585,287,Festive,10.9,Tuesday
PROD_1219,Noise ColorFit Pro 4,Smartwatch,Budget,3212,3452,3551,373,3.7,2553,463,Normal,0,Thursday
PROD_1220,Noise ColorFit Pro 4,Smartwatch,Budget,3212,3324,2926,360,3.4,2108,238,Normal,3.4,Sunday
PROD_1224,Samsung Galaxy Watch 6,Smartwatch,Mid,22632,23349,19959,298,4.2,1041,213,Normal,4.1,Tuesday
PROD_1228,Samsung Galaxy Watch 6,Smartwatch,Mid,22632,23132,20381,186,2.7,925,237,Normal,1.4,Monday
PROD_1231,boAt Wave Sigma,Smartwatch,Budget,3831,4159,3957,349,3.1,2019,207,Normal,3.6,Wednesday
PROD_1233,Fitbit Sense 2,Smartwatch,Mid,26293,29151,27193,299,3.9,1326,474,Festive,10.9,Sunday
PROD_1245,Samsung Galaxy Watch 6,Smartwatch,Mid,22632,24005,23481,216,3.6,730,510,Normal,5.6,Sunday
PROD_1265,Apple Watch Series 9,Smartwatch,Premium,56601,58198,51721,327,4.9,200,326,Normal,7.4,Thursday
PROD_1271,Fitbit Sense 2,Smartwatch,Mid,26293,28178,29420,244,4.3,1120,332,Normal,3,Saturday
PROD_1281,Noise ColorFit Pro 4,Smartwatch,Budget,3212,3441,3057,358,3.1,2023,508,Normal,2.5,Thursday
PROD_1282,Noise ColorFit Pro 4,Smartwatch,Budget,3212,3293,3040,376,3.4,1977,458,Normal,4.4,Wednesday
PROD_1288,boAt Wave Sigma,Smartwatch,Budget,3831,3955,3371,344,3.3,2161,265,Normal,0,Tuesday
PROD_1295,Noise ColorFit Pro 4,Smartwatch,Budget,3212,3406,3158,332,2.8,1739,685,Normal,0,Tuesday
PROD_1314,Noise ColorFit Pro 4,Smartwatch,Budget,3212,3464,2854,466,3.5,2076,327,Festive,8,Tuesday
PROD_1315,boAt Wave Sigma,Smartwatch,Budget,3831,4259,4289,368,3.2,1903,513,Festive,6.7,Monday
PROD_1317,boAt Wave Sigma,Smartwatch,Budget,3831,3892,3627,279,3.2,1862,498,Normal,1.8,Monday
PROD_1325,Samsung Galaxy Watch 6,Smartwatch,Mid,22632,24253,24315,232,3.4,741,315,Normal,3.9,Friday
PROD_1348,Noise ColorFit Pro 4,Smartwatch,Budget,3212,3463,3584,376,3.4,2213,400,Normal,0,Sunday
PROD_1354,Fitbit Sense 2,Smartwatch,Mid,26293,27877,25006,185,3.1,1480,472,Normal,1.6,Tuesday
PROD_1362,Fitbit Sense 2,Smartwatch,Mid,26293,28244,26468,165,3.5,850,163,Normal,4.7,Wednesday
PROD_1366,Noise ColorFit Pro 4,Smartwatch,Budget,3212,3446,3191,358,3.4,1789,477,Normal,0.6,Thursday
PROD_1399,boAt Wave Sigma,Smartwatch,Budget,3831,4166,4286,398,3.7,2966,248,Normal,0,Tuesday
PROD_1402,Fitbit Sense 2,Smartwatch,Mid,26293,28084,26689,171,3.4,650,294,Normal,4.8,Tuesday
PROD_1407,Samsung Galaxy Watch 6,Smartwatch,Mid,22632,25007,24650,326,3.8,1389,590,Festive,15.6,Wednesday
PROD_1408,boAt Wave Sigma,Smartwatch,Budget,3831,3969,3595,341,3.3,1567,187,Normal,1.9,Wednesday
PROD_1431,Noise ColorFit Pro 4,Smartwatch,Budget,3212,3328,2931,413,3.7,2025,294,Normal,4.3,Sunday
PROD_1438,Apple Watch Series 9,Smartwatch,Premium,56601,59432,56215,309,4.6,641,863,Normal,2.3,Monday
PROD_1445,Apple Watch Series 9,Smartwatch,Premium,56601,63033,63231,374,4.1,1435,488,Festive,15.1,Wednesday
PROD_1451,Fitbit Sense 2,Smartwatch,Mid,26293,26899,23383,176,3.6,927,203,Normal,4.7,Sunday
PROD_1456,Fitbit Sense 2,Smartwatch,Mid,26293,27205,23627,196,4.6,1012,0,Normal,1.1,Monday
PROD_1464,Noise ColorFit Pro 4,Smartwatch,Budget,3212,3308,2961,399,3.6,2235,400,Normal,2.7,Monday
PROD_1466,Fitbit Sense 2,Smartwatch,Mid,26293,27966,27207,208,3.8,944,439,Normal,0,Wednesday
PROD_1467,Apple Watch Series 9,Smartwatch,Premium,56601,57659,51960,264,3.5,742,422,Normal,4.2,Thursday
PROD_1468,boAt Wave Sigma,Smartwatch,Budget,3831,4104,3886,346,3.4,1593,489,Normal,1.2,Sunday
PROD_1482,Noise ColorFit Pro 4,Smartwatch,Budget,3212,3597,3301,440,3.4,1656,448,Festive,8.6,Friday
PROD_1485,Apple Watch Series 9,Smartwatch,Premium,56601,57633,50663,280,4.3,388,455,Normal,4.4,Saturday
PROD_1486,Apple Watch Series 9,Smartwatch,Premium,56601,60406,52347,323,4,396,340,Festive,9.2,Monday
PROD_1504,Samsung Galaxy Watch 6,Smartwatch,Mid,22632,24322,20929,274,3.3,860,117,Festive,11.9,Friday
PROD_1513,Samsung Galaxy Watch 6,Smartwatch,Mid,22632,25128,23578,365,4.2,1703,541,Festive,7.6,Saturday
PROD_1514,Fitbit Sense 2,Smartwatch,Mid,26293,27629,25285,208,4.3,908,695,Normal,0.1,Tuesday
PROD_1531,Samsung Galaxy Watch 6,Smartwatch,Mid,22632,25091,25009,303,3.8,789,481,Festive,7.4,Monday
PROD_1533,Samsung Galaxy Watch 6,Smartwatch,Mid,22632,24336,22150,245,3.8,808,261,Normal,3.7,Monday
PROD_1536,Noise ColorFit Pro 4,Smartwatch,Budget,3212,3264,2918,347,3.2,1963,592,Normal,0,Friday
PROD_1549,Noise ColorFit Pro 4,Smartwatch,Budget,3212,3479,3315,360,2.8,1986,272,Normal,0,Tuesday
PROD_1551,Apple Watch Series 9,Smartwatch,Premium,56601,60680,61704,261,3.9,354,350,Normal,0.9,Saturday
PROD_1554,Fitbit Sense 2,Smartwatch,Mid,26293,28058,26314,206,3.7,1021,366,Normal,2.8,Friday
PROD_1558,Fitbit Sense 2,Smartwatch,Mid,26293,27631,25901,176,3.5,794,646,Normal,1.7,Sunday
PROD_1570,Fitbit Sense 2,Smartwatch,Mid,26293,28252,24025,333,4.6,1466,209,Festive,14.2,Monday
PROD_1571,Fitbit Sense 2,Smartwatch,Mid,26293,26768,24093,153,3.1,837,268,Normal,8.8,Tuesday
PROD_1573,boAt Wave Sigma,Smartwatch,Budget,3831,3940,3567,382,3.7,2716,402,Normal,4.2,Saturday
PROD_1578,Noise ColorFit Pro 4,Smartwatch,Budget,3212,3496,3154,388,3.5,2312,208,Normal,7.3,Friday
PROD_1580,Fitbit Sense 2,Smartwatch,Mid,26293,27733,25350,145,3.5,849,522,Normal,6.9,Sunday
PROD_1583,Noise ColorFit Pro 4,Smartwatch,Budget,3212,3501,3125,330,2.6,980,93,Normal,0,Wednesday
PROD_1587,Fitbit Sense 2,Smartwatch,Mid,26293,28073,26461,243,3.3,1457,410,Normal,1.1,Monday
PROD_1588,Apple Watch Series 9,Smartwatch,Premium,56601,60396,55949,278,3.8,924,476,Normal,6.8,Saturday
PROD_1590,Fitbit Sense 2,Smartwatch,Mid,26293,27982,26729,179,3.8,347,383,Normal,4.8,Sunday
PROD_1591,boAt Wave Sigma,Smartwatch,Budget,3831,4290,3714,370,3,1792,242,Festive,14.3,Thursday
PROD_1595,boAt Wave Sigma,Smartwatch,Budget,3831,4146,3698,323,3.2,1839,238,Normal,5.2,Monday
PROD_1596,Fitbit Sense 2,Smartwatch,Mid,26293,27672,24812,286,3.9,845,580,Festive,7.7,Saturday
PROD_1597,Fitbit Sense 2,Smartwatch,Mid,26293,27837,24904,282,4.1,1683,448,Festive,7.3,Thursday
PROD_1598,Noise ColorFit Pro 4,Smartwatch,Budget,3212,3431,3089,326,3,1459,524,Normal,1.7,Monday
PROD_1600,Noise ColorFit Pro 4,Smartwatch,Budget,3212,3472,3111,290,2.6,1610,212,Normal,0.2,Monday
PROD_1601,Apple Watch Series 9,Smartwatch,Premium,56601,60672,57054,239,4,347,320,Normal,6.8,Friday
PROD_1602,Samsung Galaxy Watch 6,Smartwatch,Mid,22632,24120,21268,305,3.7,1034,342,Festive,7.8,Wednesday
PROD_1604,Samsung Galaxy Watch 6,Smartwatch,Mid,22632,24002,21467,351,3.7,1338,515,Festive,14.5,Thursday
PROD_1616,boAt Wave Sigma,Smartwatch,Budget,3831,4253,3959,354,2.8,1619,523,Festive,9.2,Sunday
PROD_1624,Fitbit Sense 2,Smartwatch,Mid,26293,28107,26018,162,3.4,913,263,Normal,1.6,Tuesday
PROD_1629,boAt Wave Sigma,Smartwatch,Budget,3831,3958,3465,365,3.7,2143,283,Normal,2.8,Saturday
PROD_1633,Apple Watch Series 9,Smartwatch,Premium,56601,63339,61814,338,4.3,357,326,Festive,10.5,Thursday
PROD_1644,Noise ColorFit Pro 4,Smartwatch,Budget,3212,3596,3362,398,2.9,1845,400,Festive,12.2,Thursday
PROD_1677,Apple Watch Series 9,Smartwatch,Premium,56601,57847,52641,297,4.6,574,405,Normal,1.1,Thursday
PROD_1680,Samsung Galaxy Watch 6,Smartwatch,Mid,22632,24048,20944,329,3.8,998,442,Festive,12.4,Sunday
PROD_1698,boAt Wave Sigma,Smartwatch,Budget,3831,4113,4267,265,2.9,1326,325,Normal,1.5,Friday
PROD_1699,Apple Watch Series 9,Smartwatch,Premium,56601,63393,56147,387,4.7,753,199,Festive,14,Thursday
PROD_1714,Fitbit Sense 2,Smartwatch,Mid,26293,28119,26423,222,3.8,962,344,Normal,3.5,Sunday
PROD_1717,Fitbit Sense 2,Smartwatch,Mid,26293,27855,28441,235,3.9,884,564,Normal,6.9,Monday
PROD_1724,Apple Watch Series 9,Smartwatch,Premium,56601,61000,59043,261,4.5,325,237,Normal,0,Saturday
PROD_1725,Apple Watch Series 9,Smartwatch,Premium,56601,60499,60598,295,4.3,50,465,Normal,2.5,Wednesday
PROD_1727,Fitbit Sense 2,Smartwatch,Mid,26293,27701,23282,307,3.7,1282,589,Festive,8.5,Wednesday
PROD_1729,Samsung Galaxy Watch 6,Smartwatch,Mid,22632,24271,25197,249,3.6,986,325,Normal,2.3,Friday
PROD_1732,Samsung Galaxy Watch 6,Smartwatch,Mid,22632,25300,24202,362,4.3,1395,385,Festive,12.3,Monday
PROD_1739,boAt Wave Sigma,Smartwatch,Budget,3831,4290,4240,384,3.2,2219,360,Festive,11,Sunday
PROD_1748,boAt Wave Sigma,Smartwatch,Budget,3831,4118,4010,359,3.9,2450,440,Normal,1.1,Thursday
PROD_1757,Apple Watch Series 9,Smartwatch,Premium,56601,60421,50726,368,4.9,50,402,Festive,12.3,Saturday
PROD_1767,Samsung Galaxy Watch 6,Smartwatch,Mid,22632,25347,23227,403,4.8,672,302,Festive,6.6,Tuesday
PROD_1772,Noise ColorFit Pro 4,Smartwatch,Budget,3212,3501,3299,416,3.8,2111,221,Normal,6.6,Saturday
PROD_1775,Fitbit Sense 2,Smartwatch,Mid,26293,26556,23193,181,4,748,471,Normal,3.4,Saturday
PROD_1779,Samsung Galaxy Watch 6,Smartwatch,Mid,22632,24012,21164,322,3.4,1267,463,Festive,14.6,Monday
PROD_1785,Fitbit Sense 2,Smartwatch,Mid,26293,29120,27517,245,3.3,1131,417,Festive,12.7,Wednesday
PROD_1787,Apple Watch Series 9,Smartwatch,Premium,56601,56944,52655,303,4.6,440,733,Normal,1.7,Tuesday
PROD_1789,Noise ColorFit Pro 4,Smartwatch,Budget,3212,3579,3247,426,2.9,1704,548,Festive,11.4,Sunday
PROD_1797,boAt Wave Sigma,Smartwatch,Budget,3831,3926,3480,294,2.8,1837,340,Normal,0,Thursday
PROD_1799,Apple Watch Series 9,Smartwatch,Premium,56601,63391,60021,319,4.4,68,279,Festive,7.4,Tuesday
PROD_0003,LG OLED C3,Television,Premium,116234,119343,107532,344,4,467,381,Normal,4.9,Saturday
PROD_0021,Samsung Crystal 4K,Television,Mid,44480,49415,45244,490,4.2,1099,716,Festive,14.6,Wednesday
PROD_0026,Mi TV 4A,Television,Budget,13808,15464,15091,520,3.6,2561,301,Festive,12.9,Thursday
PROD_0027,Vu Cinema TV,Television,Budget,17356,19438,17972,481,3.7,2074,0,Festive,15,Thursday
PROD_0038,Mi TV 4A,Television,Budget,13808,14821,12527,459,3.2,1878,421,Festive,15,Saturday
PROD_0040,Vu Cinema TV,Television,Budget,17356,18675,17238,421,3.4,1631,511,Normal,3.7,Tuesday
PROD_0053,Mi TV 4A,Television,Budget,13808,14988,12298,475,3.5,2403,203,Festive,7.4,Monday
PROD_0055,Vu Cinema TV,Television,Budget,17356,18734,18359,420,3.5,1809,441,Normal,5.2,Tuesday
PROD_0062,Mi TV 4A,Television,Budget,13808,15464,14541,466,2.7,1852,166,Festive,13.6,Friday
PROD_0064,Vu Cinema TV,Television,Budget,17356,19397,18843,454,3.2,1899,528,Festive,10.2,Friday
PROD_0078,LG OLED C3,Television,Premium,116234,129827,112276,460,4.5,598,551,Festive,14.4,Wednesday
PROD_0084,Sony Bravia X74L,Television,Mid,89203,90000,80807,326,3.4,1006,382,Festive,14,Friday
PROD_0091,Mi TV 4A,Television,Budget,13808,15464,15293,477,3,2103,505,Festive,12.8,Monday
PROD_0110,Sony Bravia X74L,Television,Mid,89203,90000,97537,274,3.5,318,597,Festive,17.6,Tuesday
PROD_0115,Mi TV 4A,Television,Budget,13808,15061,14850,446,3.3,2067,253,Normal,1.7,Friday
PROD_0116,Sony Bravia X74L,Television,Mid,89203,90000,94163,238,3.4,1039,417,Normal,1.4,Friday
PROD_0118,Samsung Crystal 4K,Television,Mid,44480,49817,43138,487,4.4,1368,420,Festive,13.6,Saturday
PROD_0133,Vu Cinema TV,Television,Budget,17356,18621,19092,416,3.6,1767,566,Normal,3.7,Tuesday
PROD_0137,LG OLED C3,Television,Premium,116234,117759,105208,359,4.3,531,676,Normal,4.2,Thursday
PROD_0146,Vu Cinema TV,Television,Budget,17356,19375,17997,420,2.8,1527,503,Festive,9,Monday
PROD_0149,LG OLED C3,Television,Premium,116234,125099,118845,381,4.7,775,446,Normal,0,Wednesday
PROD_0157,LG OLED C3,Television,Premium,116234,119729,103415,355,3.9,1051,331,Normal,0,Thursday
PROD_0158,Mi TV 4A,Television,Budget,13808,14879,12848,481,3.4,2019,369,Festive,9.3,Friday
PROD_0161,Mi TV 4A,Television,Budget,13808,14887,12797,537,3.9,2796,442,Festive,14.5,Thursday
PROD_0165,Sony Bravia X74L,Television,Mid,89203,90000,89593,239,4.1,1241,403,Normal,2.8,Wednesday
PROD_0166,Samsung Crystal 4K,Television,Mid,44480,47869,43566,394,3.9,1242,467,Normal,0,Wednesday
PROD_0169,LG OLED C3,Television,Premium,116234,126020,110054,510,4.9,86,281,Festive,12.6,Saturday
PROD_0170,LG OLED C3,Television,Premium,116234,120584,109819,389,4.2,507,235,Normal,0,Friday
PROD_0171,LG OLED C3,Television,Premium,116234,125861,117745,383,4.5,561,318,Normal,3.8,Wednesday
PROD_0172,LG OLED C3,Television,Premium,116234,125422,128539,394,4.4,589,410,Normal,0,Saturday
PROD_0179,Sony Bravia X74L,Television,Mid,89203,90000,93646,264,4.1,1277,383,Normal,1.5,Wednesday
PROD_0182,Vu Cinema TV,Television,Budget,17356,18719,18655,378,3.3,1413,396,Normal,2.5,Tuesday
PROD_0184,Vu Cinema TV,Television,Budget,17356,19438,19167,438,2.9,1860,192,Festive,13.2,Wednesday
PROD_0200,LG OLED C3,Television,Premium,116234,125012,125877,393,4.7,825,479,Normal,1.5,Saturday
PROD_0201,Sony Bravia X74L,Television,Mid,89203,90000,83999,331,4.1,1527,467,Festive,8.8,Monday
PROD_0228,Sony Bravia X74L,Television,Mid,89203,90000,99132,266,4.3,846,377,Normal,1,Saturday
PROD_0230,LG OLED C3,Television,Premium,116234,129752,123867,438,3.9,1061,531,Festive,6,Saturday
PROD_0244,Samsung Crystal 4K,Television,Mid,44480,48040,49543,414,4.4,1735,420,Normal,0.1,Tuesday
PROD_0248,Vu Cinema TV,Television,Budget,17356,17924,15319,420,3.7,2370,375,Normal,3.2,Friday
PROD_0266,Samsung Crystal 4K,Television,Mid,44480,48191,40888,490,4.3,838,266,Festive,7,Tuesday
PROD_0270,Samsung Crystal 4K,Television,Mid,44480,48304,49626,417,3.9,602,306,Normal,0.2,Tuesday
PROD_0271,Sony Bravia X74L,Television,Mid,89203,90000,95147,299,4.4,1258,468,Normal,5.6,Friday
PROD_0280,Samsung Crystal 4K,Television,Mid,44480,49817,48413,482,3.6,1119,419,Festive,11.9,Wednesday
PROD_0281,Mi TV 4A,Television,Budget,13808,14972,14037,460,3.7,2106,403,Normal,3,Tuesday
PROD_0283,Samsung Crystal 4K,Television,Mid,44480,49802,44449,426,4.1,205,446,Festive,8.8,Friday
PROD_0287,Vu Cinema TV,Television,Budget,17356,18640,18295,323,3,2067,404,Normal,1.4,Tuesday
PROD_0291,LG OLED C3,Television,Premium,116234,125666,129127,404,3.9,1086,383,Normal,4.5,Sunday
PROD_0312,LG OLED C3,Television,Premium,116234,129449,121756,402,4,217,529,Festive,5.8,Wednesday
PROD_0317,Mi TV 4A,Television,Budget,13808,14892,14545,467,4.1,2422,530,Normal,0,Tuesday
PROD_0319,LG OLED C3,Television,Premium,116234,125425,115894,365,4.6,366,366,Normal,1.6,Wednesday
PROD_0324,Samsung Crystal 4K,Television,Mid,44480,45270,39913,323,3.3,1012,529,Normal,5,Monday
PROD_0333,Mi TV 4A,Television,Budget,13808,15464,14218,518,3.7,2605,518,Festive,10.3,Wednesday
PROD_0343,Mi TV 4A,Television,Budget,13808,14950,12572,559,3.9,2655,384,Festive,0.7,Friday
PROD_0344,Mi TV 4A,Television,Budget,13808,14973,13874,429,3.4,2354,355,Normal,0,Tuesday
PROD_0356,Samsung Crystal 4K,Television,Mid,44480,49817,47109,415,3.5,642,421,Festive,7.3,Thursday
PROD_0361,Sony Bravia X74L,Television,Mid,89203,90000,89385,279,3.6,902,264,Festive,7.2,Saturday
PROD_0362,Sony Bravia X74L,Television,Mid,89203,90000,89863,189,3.3,1062,227,Normal,4.7,Tuesday
PROD_0364,LG OLED C3,Television,Premium,116234,125849,124534,387,4.4,713,326,Normal,0.8,Sunday
PROD_0368,Vu Cinema TV,Television,Budget,17356,18555,16943,418,3.5,3181,645,Normal,3.8,Wednesday
PROD_0371,Samsung Crystal 4K,Television,Mid,44480,48317,39744,549,4.3,1610,298,Festive,10.7,Tuesday
PROD_0372,Mi TV 4A,Television,Budget,13808,14860,14745,461,3.7,1964,567,Normal,1.3,Saturday
PROD_0373,LG OLED C3,Television,Premium,116234,130182,124517,403,4.1,328,343,Festive,15.3,Sunday
PROD_0380,Sony Bravia X74L,Television,Mid,89203,90000,94150,185,3.1,928,161,Normal,4,Tuesday
PROD_0382,Samsung Crystal 4K,Television,Mid,44480,47058,41153,451,3.5,1572,717,Festive,7.1,Saturday
PROD_0388,Samsung Crystal 4K,Television,Mid,44480,47414,41539,399,2.6,695,479,Festive,8.3,Sunday
PROD_0415,Sony Bravia X74L,Television,Mid,89203,90000,82154,289,4.3,1022,123,Normal,0,Sunday
PROD_0417,Vu Cinema TV,Television,Budget,17356,19438,19059,435,2.8,1573,429,Festive,8.3,Wednesday
PROD_0428,LG OLED C3,Television,Premium,116234,120554,104828,319,3.5,50,135,Normal,0.9,Monday
PROD_0433,Mi TV 4A,Television,Budget,13808,14953,15335,426,3.3,2072,380,Normal,2.7,Tuesday
PROD_0437,Vu Cinema TV,Television,Budget,17356,17774,16051,332,2.5,1457,416,Normal,6.2,Sunday
PROD_0449,Samsung Crystal 4K,Television,Mid,44480,48028,41022,477,4,1289,320,Festive,12.7,Thursday
PROD_0453,Vu Cinema TV,Television,Budget,17356,19438,18819,443,3.1,1788,189,Festive,8.2,Saturday
PROD_0454,Sony Bravia X74L,Television,Mid,89203,90000,80920,260,4,1174,320,Normal,1.2,Friday
PROD_0472,Samsung Crystal 4K,Television,Mid,44480,49817,47262,472,3.7,1665,485,Festive,9.2,Monday
PROD_0481,Sony Bravia X74L,Television,Mid,89203,90000,83757,321,4.3,1337,597,Festive,11.2,Friday
PROD_0498,LG OLED C3,Television,Premium,116234,120255,104791,388,4.4,530,290,Normal,0,Thursday
PROD_0501,LG OLED C3,Television,Premium,116234,125596,126019,362,4.3,985,332,Normal,3.2,Tuesday
PROD_0504,LG OLED C3,Television,Premium,116234,127078,120392,382,4.1,1152,107,Normal,0.1,Thursday
PROD_0505,LG OLED C3,Television,Premium,116234,119689,104734,393,3.8,1140,395,Normal,0,Sunday
PROD_0509,Mi TV 4A,Television,Budget,13808,14982,14605,377,2.8,1777,265,Normal,3.3,Sunday
PROD_0531,Samsung Crystal 4K,Television,Mid,44480,48318,49415,450,4.5,896,349,Normal,4,Saturday
PROD_0535,Vu Cinema TV,Television,Budget,17356,18728,17142,352,2.9,1921,346,Normal,5.6,Saturday
PROD_0540,Mi TV 4A,Television,Budget,13808,14297,12553,390,2.7,1759,276,Normal,6.1,Sunday
PROD_0544,Vu Cinema TV,Television,Budget,17356,18583,16491,374,3.3,1812,547,Normal,0,Thursday
PROD_0551,Mi TV 4A,Television,Budget,13808,14899,14782,429,3.8,1802,462,Normal,0.9,Saturday
PROD_0553,Samsung Crystal 4K,Television,Mid,44480,49817,47822,481,3.9,1002,478,Festive,11.7,Thursday
PROD_0554,Samsung Crystal 4K,Television,Mid,44480,48162,47026,432,4.5,1145,392,Normal,6.2,Tuesday
PROD_0573,Samsung Crystal 4K,Television,Mid,44480,49817,44937,519,4.1,1494,235,Festive,10.4,Thursday
PROD_0575,Mi TV 4A,Television,Budget,13808,14217,12392,451,3.5,2195,483,Normal,0,Monday
PROD_0576,Samsung Crystal 4K,Television,Mid,44480,49817,42796,487,4.1,679,512,Festive,13.3,Saturday
PROD_0587,Sony Bravia X74L,Television,Mid,89203,90000,93670,246,3.7,1131,321,Normal,1.1,Wednesday
PROD_0603,Vu Cinema TV,Television,Budget,17356,18800,19020,386,3.1,2171,314,Normal,2.5,Tuesday
PROD_0624,Sony Bravia X74L,Television,Mid,89203,90000,91111,279,4.6,1018,219,Normal,5,Tuesday
PROD_0632,Mi TV 4A,Television,Budget,13808,15464,13272,480,3.3,2035,436,Festive,12,Monday
PROD_0633,LG OLED C3,Television,Premium,116234,130182,118426,419,4.2,350,274,Festive,12.4,Thursday
PROD_0635,Samsung Crystal 4K,Television,Mid,44480,46794,42168,469,3.4,1197,863,Festive,12,Thursday
PROD_0648,Mi TV 4A,Television,Budget,13808,14923,13696,463,3.8,2818,479,Normal,3,Saturday
PROD_0649,Vu Cinema TV,Television,Budget,17356,18871,16608,344,3.1,1728,170,Normal,4.3,Monday
PROD_0651,Sony Bravia X74L,Television,Mid,89203,90000,82965,286,4,1482,434,Normal,0.7,Monday
PROD_0654,Samsung Crystal 4K,Television,Mid,44480,49817,44407,493,4.2,1317,54,Festive,13.6,Thursday
PROD_0663,Sony Bravia X74L,Television,Mid,89203,90000,86519,267,3.7,1464,118,Normal,3.9,Monday
PROD_0669,Samsung Crystal 4K,Television,Mid,44480,45833,39634,403,3.8,1372,396,Normal,0.9,Friday
PROD_0676,LG OLED C3,Television,Premium,116234,126767,126764,411,4.7,930,204,Normal,0.8,Wednesday
PROD_0678,Vu Cinema TV,Television,Budget,17356,17932,15358,369,2.8,2156,289,Normal,2.1,Monday
PROD_0679,Vu Cinema TV,Television,Budget,17356,18702,16726,402,3.1,2302,451,Normal,0,Monday
PROD_0685,Mi TV 4A,Television,Budget,13808,15464,15201,476,3.3,2053,256,Festive,10.8,Friday
PROD_0692,Vu Cinema TV,Television,Budget,17356,19438,17054,417,2.9,1495,329,Festive,7.1,Friday
PROD_0695,Vu Cinema TV,Television,Budget,17356,18539,17169,342,2.7,1620,549,Normal,0,Wednesday
PROD_0701,Sony Bravia X74L,Television,Mid,89203,90000,79628,331,3.8,1195,603,Festive,10.2,Sunday
PROD_0702,Mi TV 4A,Television,Budget,13808,14938,14352,442,3.6,2146,425,Normal,3.4,Wednesday
PROD_0711,Sony Bravia X74L,Television,Mid,89203,90000,93741,291,4.3,1349,317,Normal,6.9,Wednesday
PROD_0712,Samsung Crystal 4K,Television,Mid,44480,47638,42774,378,3.8,953,547,Normal,1.1,Friday
PROD_0718,Vu Cinema TV,Television,Budget,17356,18720,17495,396,3.2,1836,422,Normal,5.5,Sunday
PROD_0719,LG OLED C3,Television,Premium,116234,118404,108248,361,3.8,1048,568,Normal,1.5,Thursday
PROD_0733,Sony Bravia X74L,Television,Mid,89203,90000,95031,343,4.5,996,503,Festive,9,Saturday
PROD_0734,LG OLED C3,Television,Premium,116234,120735,107438,323,3.6,691,110,Normal,3.5,Friday
PROD_0735,Vu Cinema TV,Television,Budget,17356,18971,18091,426,3.4,2449,177,Normal,1.6,Sunday
PROD_0740,Mi TV 4A,Television,Budget,13808,14957,14618,418,3.3,1750,362,Normal,0,Friday
PROD_0743,Mi TV 4A,Television,Budget,13808,15464,13401,496,3.5,2364,391,Festive,5.5,Wednesday
PROD_0745,Samsung Crystal 4K,Television,Mid,44480,48200,42793,368,3.3,1405,279,Normal,5.1,Wednesday
PROD_0753,Sony Bravia X74L,Television,Mid,89203,90000,83518,270,4.1,1485,151,Normal,9.2,Sunday
PROD_0758,Samsung Crystal 4K,Television,Mid,44480,48335,48803,407,3.5,1162,277,Normal,5.2,Wednesday
PROD_0761,Sony Bravia X74L,Television,Mid,89203,90000,95691,286,3.8,1562,502,Normal,2.3,Friday
PROD_0764,Sony Bravia X74L,Television,Mid,89203,90000,92368,302,3.5,1176,367,Festive,9.9,Monday
PROD_0769,Sony Bravia X74L,Television,Mid,89203,90000,96260,303,4.4,1017,420,Normal,5.8,Friday
PROD_0790,Mi TV 4A,Television,Budget,13808,14975,12841,509,3.6,2625,273,Festive,9.5,Friday
PROD_0794,Vu Cinema TV,Television,Budget,17356,17820,15629,374,2.8,2086,426,Normal,4.4,Monday
PROD_0799,LG OLED C3,Television,Premium,116234,126328,125844,414,4.3,1233,284,Normal,3.2,Thursday
PROD_0808,Samsung Crystal 4K,Television,Mid,44480,47561,47010,357,3.6,747,550,Normal,5.7,Sunday
PROD_0809,Sony Bravia X74L,Television,Mid,89203,90000,82853,240,3.5,1609,498,Normal,4.5,Friday
PROD_0810,Sony Bravia X74L,Television,Mid,89203,90000,88509,293,4.3,1080,494,Normal,0.4,Wednesday
PROD_0819,Vu Cinema TV,Television,Budget,17356,18568,15516,462,3.2,2004,496,Festive,11.1,Wednesday
PROD_0824,Mi TV 4A,Television,Budget,13808,14790,12195,467,2.9,2104,477,Festive,1,Tuesday
PROD_0845,Sony Bravia X74L,Television,Mid,89203,90000,81999,305,3.7,1226,521,Festive,8.6,Tuesday
PROD_0847,LG OLED C3,Television,Premium,116234,118087,106466,364,3.9,432,627,Normal,0,Wednesday
PROD_0855,Vu Cinema TV,Television,Budget,17356,18616,18778,407,3.4,1980,558,Normal,0,Thursday
PROD_0891,Sony Bravia X74L,Television,Mid,89203,90000,81777,346,4.1,1488,377,Festive,9.8,Saturday
PROD_0901,Mi TV 4A,Television,Budget,13808,14197,12678,408,3.3,2003,448,Normal,0,Thursday
PROD_0913,Mi TV 4A,Television,Budget,13808,14878,13825,421,3.5,1845,481,Normal,3.8,Saturday
PROD_0920,Vu Cinema TV,Television,Budget,17356,18139,15297,402,3.3,2575,100,Normal,2.7,Sunday
PROD_0930,Mi TV 4A,Television,Budget,13808,14790,14963,405,3.2,2000,584,Normal,7.3,Saturday
PROD_0932,Vu Cinema TV,Television,Budget,17356,18837,18554,384,3.2,1943,269,Normal,0.1,Saturday
PROD_0933,Vu Cinema TV,Television,Budget,17356,19438,16887,443,3.1,2173,331,Festive,12.4,Tuesday
PROD_0936,Mi TV 4A,Television,Budget,13808,14934,13897,425,3.1,1984,406,Normal,0.5,Friday
PROD_0939,Sony Bravia X74L,Television,Mid,89203,90000,96459,192,3.6,351,370,Normal,4.7,Thursday
PROD_0953,Sony Bravia X74L,Television,Mid,89203,90000,92495,343,3.8,2010,680,Festive,11.8,Tuesday
PROD_0956,Sony Bravia X74L,Television,Mid,89203,90000,96337,270,3.1,465,534,Festive,16.1,Sunday
PROD_0965,Mi TV 4A,Television,Budget,13808,14000,13002,403,2.9,1621,725,Normal,2.2,Friday
PROD_0972,Mi TV 4A,Television,Budget,13808,14787,12816,467,2.9,1954,482,Festive,12.8,Thursday
PROD_0975,Sony Bravia X74L,Television,Mid,89203,90000,92008,405,4.4,1869,314,Festive,16.3,Friday
PROD_0983,Vu Cinema TV,Television,Budget,17356,19438,18913,474,3.3,2327,496,Festive,4.7,Thursday
PROD_0988,Vu Cinema TV,Television,Budget,17356,19438,18206,426,2.9,1795,199,Festive,11.2,Tuesday
PROD_0997,LG OLED C3,Television,Premium,116234,126015,119340,392,4.1,388,305,Normal,3.5,Saturday
PROD_1006,Samsung Crystal 4K,Television,Mid,44480,48376,49560,436,4.4,1583,302,Normal,7.3,Saturday
PROD_1022,LG OLED C3,Television,Premium,116234,118881,107968,357,4.8,50,480,Normal,1.7,Wednesday
PROD_1023,Sony Bravia X74L,Television,Mid,89203,90000,94747,187,3.2,450,563,Normal,3.3,Sunday
PROD_1034,LG OLED C3,Television,Premium,116234,125274,109817,453,4,707,324,Festive,9.8,Saturday
PROD_1038,Samsung Crystal 4K,Television,Mid,44480,49817,45416,486,4.1,1305,316,Festive,14.3,Monday
PROD_1049,Samsung Crystal 4K,Television,Mid,44480,49817,49196,472,3.6,1598,163,Festive,11,Tuesday
PROD_1057,Vu Cinema TV,Television,Budget,17356,17987,16369,395,3.5,2185,265,Normal,1.1,Wednesday
PROD_1065,Vu Cinema TV,Television,Budget,17356,18712,15453,479,3.3,2129,355,Festive,13.1,Monday
PROD_1072,Vu Cinema TV,Television,Budget,17356,18959,17586,431,3.7,2109,199,Normal,0,Saturday
PROD_1075,Samsung Crystal 4K,Television,Mid,44480,49817,43844,514,3.8,1883,518,Festive,9.9,Wednesday
PROD_1084,Vu Cinema TV,Television,Budget,17356,18705,15733,434,3.1,1846,296,Festive,3.5,Sunday
PROD_1086,Sony Bravia X74L,Television,Mid,89203,90000,87977,217,3.9,407,291,Normal,6.9,Tuesday
PROD_1088,LG OLED C3,Television,Premium,116234,130182,114124,467,4.3,881,375,Festive,14.1,Thursday
PROD_1101,Vu Cinema TV,Television,Budget,17356,17623,15360,360,2.9,2045,632,Normal,1.6,Wednesday
PROD_1103,LG OLED C3,Television,Premium,116234,125053,111046,361,3.8,805,424,Normal,4.2,Saturday
PROD_1113,Samsung Crystal 4K,Television,Mid,44480,48440,47369,404,4.1,1150,225,Normal,3,Tuesday
PROD_1115,LG OLED C3,Television,Premium,116234,123062,106425,508,5,1026,787,Festive,15,Saturday
PROD_1116,Samsung Crystal 4K,Television,Mid,44480,48167,49477,372,3.1,1085,300,Normal,1.3,Sunday
PROD_1118,Vu Cinema TV,Television,Budget,17356,18593,17279,425,3.5,2235,611,Normal,4.8,Saturday
PROD_1123,Vu Cinema TV,Television,Budget,17356,18795,17164,380,3,2041,311,Normal,1.1,Friday
PROD_1127,Sony Bravia X74L,Television,Mid,89203,90000,91640,277,4.1,1183,422,Normal,0.6,Tuesday
PROD_1128,Samsung Crystal 4K,Television,Mid,44480,47405,47294,399,3.8,832,683,Normal,2.4,Tuesday
PROD_1136,LG OLED C3,Television,Premium,116234,125053,120619,357,4,592,418,Normal,2.2,Friday
PROD_1138,Sony Bravia X74L,Television,Mid,89203,90000,97880,270,4.5,726,404,Normal,2.2,Sunday
PROD_1140,Vu Cinema TV,Television,Budget,17356,18713,18369,319,2.4,1450,314,Normal,6.5,Thursday
PROD_1147,Sony Bravia X74L,Television,Mid,89203,90000,81073,252,3.6,1227,284,Normal,0.9,Tuesday
PROD_1153,LG OLED C3,Television,Premium,116234,125872,126386,419,4.7,444,370,Normal,0,Thursday
PROD_1154,Sony Bravia X74L,Television,Mid,89203,90000,91589,391,4.2,1466,216,Festive,8.8,Sunday
PROD_1159,Mi TV 4A,Television,Budget,13808,14140,12987,424,2.9,2253,554,Normal,0.6,Wednesday
PROD_1163,Vu Cinema TV,Television,Budget,17356,18502,15819,416,2.5,1834,503,Festive,9.3,Sunday
PROD_1166,LG OLED C3,Television,Premium,116234,125651,115696,475,4.9,1280,492,Normal,4,Tuesday
PROD_1185,Samsung Crystal 4K,Television,Mid,44480,47588,40727,451,3.4,1732,479,Festive,15.8,Tuesday
PROD_1186,Mi TV 4A,Television,Budget,13808,14965,14151,392,3.1,2456,311,Normal,0.8,Wednesday
PROD_1188,Samsung Crystal 4K,Television,Mid,44480,48111,47815,408,3.8,1008,379,Normal,1.3,Friday
PROD_1200,LG OLED C3,Television,Premium,116234,124291,121461,365,4.3,492,561,Normal,1.6,Wednesday
PROD_1206,LG OLED C3,Television,Premium,116234,130182,124554,478,4.5,1068,233,Festive,6.4,Thursday
PROD_1208,LG OLED C3,Television,Premium,116234,120950,110114,365,4.1,133,136,Normal,3.7,Monday
PROD_1209,Samsung Crystal 4K,Television,Mid,44480,48733,42566,387,3.6,642,68,Normal,1.7,Saturday
PROD_1210,Vu Cinema TV,Television,Budget,17356,17722,15552,350,3.1,1489,503,Normal,1.4,Sunday
PROD_1223,LG OLED C3,Television,Premium,116234,126049,111024,458,5,753,398,Normal,0,Sunday
PROD_1229,Vu Cinema TV,Television,Budget,17356,18796,16674,445,3.6,2773,408,Normal,0,Sunday
PROD_1234,Samsung Crystal 4K,Television,Mid,44480,45585,39575,388,3.7,724,485,Normal,0.5,Monday
PROD_1238,Vu Cinema TV,Television,Budget,17356,18722,16546,335,2.7,2029,328,Normal,4.5,Tuesday
PROD_1239,Samsung Crystal 4K,Television,Mid,44480,47826,43706,409,4,1554,509,Normal,5.2,Saturday
PROD_1241,Samsung Crystal 4K,Television,Mid,44480,48107,43232,364,3.4,1036,315,Normal,0,Sunday
PROD_1244,Sony Bravia X74L,Television,Mid,89203,90000,94199,350,4.3,801,244,Festive,13.6,Wednesday
PROD_1246,Mi TV 4A,Television,Budget,13808,14233,13099,404,3.4,1928,390,Normal,0,Tuesday
PROD_1251,Mi TV 4A,Television,Budget,13808,14860,13928,372,2.6,1906,434,Normal,4.8,Wednesday
PROD_1254,LG OLED C3,Television,Premium,116234,125811,128288,446,4.8,1216,421,Normal,0.9,Saturday
PROD_1257,Samsung Crystal 4K,Television,Mid,44480,48601,48444,418,4,1468,174,Normal,6.9,Tuesday
PROD_1264,Vu Cinema TV,Television,Budget,17356,18411,19335,401,3.5,2446,785,Normal,3.8,Monday
PROD_1267,Vu Cinema TV,Television,Budget,17356,17764,15688,339,2.8,1392,438,Normal,4.2,Sunday
PROD_1268,LG OLED C3,Television,Premium,116234,130182,128032,477,4.1,631,386,Festive,10,Friday
PROD_1270,LG OLED C3,Television,Premium,116234,124742,111287,386,4.5,50,515,Normal,5.3,Tuesday
PROD_1278,Samsung Crystal 4K,Television,Mid,44480,47464,41148,476,4.1,1300,572,Festive,7.1,Tuesday
PROD_1280,Samsung Crystal 4K,Television,Mid,44480,49656,47565,435,3.7,1292,525,Festive,6.3,Monday
PROD_1304,Vu Cinema TV,Television,Budget,17356,19438,17191,435,3.1,1571,405,Festive,10.2,Saturday
PROD_1311,Sony Bravia X74L,Television,Mid,89203,90000,80533,237,3.9,1447,111,Normal,2,Wednesday
PROD_1313,Vu Cinema TV,Television,Budget,17356,18724,17947,373,2.8,1898,382,Normal,0,Saturday
PROD_1322,Sony Bravia X74L,Television,Mid,89203,90000,91053,323,3.6,1366,283,Festive,16.4,Wednesday
PROD_1324,Mi TV 4A,Television,Budget,13808,14194,12550,427,3.3,1910,481,Normal,5.5,Wednesday
PROD_1328,Sony Bravia X74L,Television,Mid,89203,90000,83563,235,3.4,1228,30,Normal,4.4,Sunday
PROD_1330,Samsung Crystal 4K,Television,Mid,44480,47080,39868,435,3.9,536,683,Festive,12.8,Monday
PROD_1332,Sony Bravia X74L,Television,Mid,89203,90000,88071,346,4,1425,504,Festive,11,Monday
PROD_1334,Mi TV 4A,Television,Budget,13808,15162,13495,497,3.6,2583,184,Normal,0.3,Saturday
PROD_1336,Mi TV 4A,Television,Budget,13808,15027,14015,465,3.8,2560,331,Normal,3.5,Saturday
PROD_1339,Mi TV 4A,Television,Budget,13808,14939,14296,476,3.5,2547,475,Normal,2,Saturday
PROD_1341,Sony Bravia X74L,Television,Mid,89203,90000,94138,291,4.1,657,253,Festive,10.5,Wednesday
PROD_1342,LG OLED C3,Television,Premium,116234,125608,127308,312,3.9,487,255,Normal,2.6,Thursday
PROD_1346,LG OLED C3,Television,Premium,116234,130182,116007,424,4.2,752,238,Festive,11.6,Monday
PROD_1347,Samsung Crystal 4K,Television,Mid,44480,47901,48215,407,4.1,920,472,Normal,4.4,Friday
PROD_1359,Sony Bravia X74L,Television,Mid,89203,90000,99219,334,3.7,1472,598,Festive,11.2,Thursday
PROD_1370,Samsung Crystal 4K,Television,Mid,44480,47960,45601,380,3.9,1460,405,Normal,6,Monday
PROD_1371,Sony Bravia X74L,Television,Mid,89203,90000,90135,371,4.3,1061,242,Festive,8,Sunday
PROD_1376,Mi TV 4A,Television,Budget,13808,14945,13979,429,3.2,1764,396,Normal,1,Saturday
PROD_1381,Vu Cinema TV,Television,Budget,17356,18794,17764,366,2.9,1906,291,Normal,8.9,Monday
PROD_1384,Sony Bravia X74L,Television,Mid,89203,90000,83125,265,3.4,1437,218,Normal,2.2,Saturday
PROD_1389,Samsung Crystal 4K,Television,Mid,44480,48325,44414,430,3.9,1556,316,Normal,1.6,Saturday
PROD_1394,Sony Bravia X74L,Television,Mid,89203,90000,85750,302,4.3,1351,465,Normal,1.4,Monday
PROD_1398,LG OLED C3,Television,Premium,116234,129661,119634,405,3.5,50,497,Festive,8.5,Monday
PROD_1400,Mi TV 4A,Television,Budget,13808,14417,12516,455,3.1,1793,1000,Festive,9.9,Sunday
PROD_1401,Vu Cinema TV,Television,Budget,17356,17819,15743,433,3.9,2302,515,Normal,3,Friday
PROD_1418,Mi TV 4A,Television,Budget,13808,15464,14865,475,3.4,1962,302,Festive,9.4,Tuesday
PROD_1437,Mi TV 4A,Television,Budget,13808,14912,15342,407,3.2,2292,411,Normal,2.2,Friday
PROD_1444,Sony Bravia X74L,Television,Mid,89203,90000,97352,305,3.7,1041,26,Festive,11.9,Sunday
PROD_1454,Samsung Crystal 4K,Television,Mid,44480,48703,42396,378,3.4,1104,68,Normal,4.4,Sunday
PROD_1460,Vu Cinema TV,Television,Budget,17356,18573,16982,377,3.4,2190,563,Normal,4.8,Thursday
PROD_1462,Mi TV 4A,Television,Budget,13808,15464,14063,497,3.3,2110,442,Festive,9.3,Monday
PROD_1470,Sony Bravia X74L,Television,Mid,89203,90000,94102,235,3.7,703,451,Normal,3.7,Monday
PROD_1474,Sony Bravia X74L,Television,Mid,89203,90000,98574,269,3.6,1728,389,Normal,6.6,Tuesday
PROD_1476,LG OLED C3,Television,Premium,116234,119715,103019,414,5,272,422,Normal,2.1,Tuesday
PROD_1505,LG OLED C3,Television,Premium,116234,125114,123909,390,4.5,50,457,Normal,0,Thursday
PROD_1507,LG OLED C3,Television,Premium,116234,124155,116029,288,3,397,469,Normal,3.3,Tuesday
PROD_1509,Mi TV 4A,Television,Budget,13808,14218,12203,395,3,2119,398,Normal,1.3,Saturday
PROD_1517,Mi TV 4A,Television,Budget,13808,14720,13196,406,3.3,1809,688,Normal,0.9,Monday
PROD_1530,Mi TV 4A,Television,Budget,13808,15464,14745,491,3.2,1892,420,Festive,14.6,Thursday
PROD_1537,Mi TV 4A,Television,Budget,13808,14733,14851,432,3.5,2328,708,Normal,1.4,Friday
PROD_1539,Samsung Crystal 4K,Television,Mid,44480,49630,44054,440,3.9,686,544,Festive,11.4,Tuesday
PROD_1543,LG OLED C3,Television,Premium,116234,129493,120426,391,3.8,335,505,Festive,9.1,Sunday
PROD_1552,Sony Bravia X74L,Television,Mid,89203,90000,90825,296,4.3,1745,157,Normal,2.6,Wednesday
PROD_1561,LG OLED C3,Television,Premium,116234,124193,118628,351,3.6,615,557,Normal,4.1,Friday
PROD_1563,Mi TV 4A,Television,Budget,13808,13952,12956,450,3.5,2436,866,Normal,0.3,Saturday
PROD_1566,Vu Cinema TV,Television,Budget,17356,19060,19346,382,3.4,2247,9,Normal,0,Thursday
PROD_1581,Vu Cinema TV,Television,Budget,17356,19026,17712,409,3.6,2348,88,Normal,4.9,Wednesday
PROD_1586,Mi TV 4A,Television,Budget,13808,14967,15045,430,3.5,2478,366,Normal,0.8,Thursday
PROD_1589,Vu Cinema TV,Television,Budget,17356,17552,15440,401,3.4,2070,775,Normal,0.9,Tuesday
PROD_1593,Mi TV 4A,Television,Budget,13808,14825,12450,513,3.5,2267,495,Festive,6.5,Friday
PROD_1594,Mi TV 4A,Television,Budget,13808,14946,13237,400,3.3,1775,351,Normal,0.7,Thursday
PROD_1608,Sony Bravia X74L,Television,Mid,89203,90000,87951,293,4,1768,402,Normal,5.2,Monday
PROD_1609,Mi TV 4A,Television,Budget,13808,15464,15251,561,4.1,2055,588,Festive,11.4,Tuesday
PROD_1613,Vu Cinema TV,Television,Budget,17356,19438,18975,459,3,2154,433,Festive,9.1,Friday
PROD_1622,Samsung Crystal 4K,Television,Mid,44480,48369,46290,376,3.1,1377,215,Normal,3.3,Thursday
PROD_1630,Samsung Crystal 4K,Television,Mid,44480,48179,44168,409,4.8,292,350,Normal,1.4,Sunday
PROD_1631,LG OLED C3,Television,Premium,116234,130182,121094,466,4.5,1001,230,Festive,9.1,Tuesday
PROD_1634,LG OLED C3,Television,Premium,116234,130182,129475,424,3.9,390,434,Festive,11.8,Saturday
PROD_1639,Sony Bravia X74L,Television,Mid,89203,90000,94167,348,3.8,794,361,Festive,11.3,Wednesday
PROD_1640,LG OLED C3,Television,Premium,116234,129060,124167,396,3.9,50,587,Festive,12.2,Tuesday
PROD_1642,Samsung Crystal 4K,Television,Mid,44480,48080,46349,422,4.2,1769,414,Normal,2.3,Wednesday
PROD_1646,Mi TV 4A,Television,Budget,13808,14834,14821,437,3,1966,568,Normal,1,Saturday
PROD_1648,Mi TV 4A,Television,Budget,13808,14837,13273,435,3.8,2519,562,Normal,8.2,Thursday
PROD_1651,Samsung Crystal 4K,Television,Mid,44480,47847,44011,374,3.6,1117,447,Normal,0,Tuesday
PROD_1652,Vu Cinema TV,Television,Budget,17356,18797,18863,344,3,1927,255,Normal,0.3,Friday
PROD_1654,Sony Bravia X74L,Television,Mid,89203,90000,82984,208,3.5,653,347,Normal,6.3,Friday
PROD_1661,Samsung Crystal 4K,Television,Mid,44480,49817,43917,428,3.8,647,301,Festive,13.1,Friday
PROD_1678,Mi TV 4A,Television,Budget,13808,14106,12616,426,3.1,2189,606,Normal,2.4,Monday
PROD_1689,Samsung Crystal 4K,Television,Mid,44480,45070,41156,387,3.5,765,715,Normal,2.5,Monday
PROD_1691,Sony Bravia X74L,Television,Mid,89203,90000,96408,220,3.5,602,511,Normal,0.1,Wednesday
PROD_1693,LG OLED C3,Television,Premium,116234,120223,106277,389,3.6,932,297,Normal,5.3,Wednesday
PROD_1695,Vu Cinema TV,Television,Budget,17356,17714,15616,414,3.4,2264,608,Normal,0,Thursday
PROD_1702,Sony Bravia X74L,Television,Mid,89203,90000,86765,226,3.3,1187,504,Normal,2.3,Wednesday
PROD_1708,Samsung Crystal 4K,Television,Mid,44480,49817,45181,471,3.7,1232,242,Festive,8.2,Saturday
PROD_1710,Vu Cinema TV,Television,Budget,17356,18586,17944,378,3.1,2171,549,Normal,0,Monday
PROD_1722,Samsung Crystal 4K,Television,Mid,44480,48015,49440,441,3.9,1769,472,Normal,3.5,Thursday
PROD_1730,LG OLED C3,Television,Premium,116234,120496,109956,395,4.3,639,259,Normal,0,Sunday
PROD_1733,Samsung Crystal 4K,Television,Mid,44480,47709,46817,342,3.2,958,461,Normal,0.5,Friday
PROD_1737,Mi TV 4A,Television,Budget,13808,15464,14803,458,2.8,1621,422,Festive,9.3,Friday
PROD_1741,LG OLED C3,Television,Premium,116234,124783,118737,382,4,581,502,Normal,4.4,Saturday
PROD_1743,Mi TV 4A,Television,Budget,13808,14980,13835,496,3.7,2816,446,Normal,3.5,Wednesday
PROD_1747,Sony Bravia X74L,Television,Mid,89203,90000,92294,245,3.8,1281,561,Normal,4.8,Thursday
PROD_1752,Vu Cinema TV,Television,Budget,17356,18735,17369,365,3.2,2535,358,Normal,4.1,Saturday
PROD_1756,Vu Cinema TV,Television,Budget,17356,19438,16989,488,3,1939,514,Festive,13.8,Thursday
PROD_1763,LG OLED C3,Television,Premium,116234,129275,125389,436,4.1,592,610,Festive,11.6,Tuesday
PROD_1764,Samsung Crystal 4K,Television,Mid,44480,49346,47030,464,3.5,1533,708,Festive,13.7,Saturday
PROD_1774,Sony Bravia X74L,Television,Mid,89203,90000,79835,364,4.2,1172,269,Festive,9.4,Tuesday
PROD_1778,Samsung Crystal 4K,Television,Mid,44480,49817,45958,439,3.6,877,395,Festive,7.7,Sunday
PROD_1783,LG OLED C3,Television,Premium,116234,125553,124769,373,4.4,616,356,Normal,7.7,Saturday
PROD_1798,LG OLED C3,Television,Premium,116234,125163,123286,357,3.9,50,399,Normal,2.2,Sunday
